-2.0      0.005200 1	0.009800    0.004600	0.006200    0.015700	0.024000
-1.8      0.006200 1	0.012100    0.005700	0.007700    0.019400	0.029500
-1.4      0.010300 1	0.019900    0.009300	0.013000    0.031700	0.049300
-1.2      0.014000 1	0.027000    0.012600	0.017600    0.042900	0.066400
-1.0      0.020400 1	0.038700    0.018100	0.025500    0.061500	0.095200
-0.7      0.041000 1	0.078500    0.036800	0.051800    0.123900	0.191200
-0.5      0.079500 1	0.151600    0.071000	0.100000    0.239200	0.369100
-0.3      0.213900 1	0.407800    0.191200	0.269000    0.643500	0.993100
-0.2      0.464200 1	0.881300    0.413100	0.581300    1.390600	2.146000
-0.18     0.566300 1	1.071900    0.502400	0.707100    1.691400	2.610200
-0.14     0.905600 1	1.706200    0.799800	1.132600    2.692400	4.154900
-0.12     1.203200 1	2.262500    1.060500	1.492500    3.570200	5.509500
-0.1      1.676300 1	3.143700    1.473600	2.073800    4.948200	7.650300
-0.08     2.497100 1	4.662500    2.185500	3.075700    7.320100   11.231300
-0.06     4.117800 1	7.625000    3.604000	5.049000   11.971300   18.367500
-0.04     8.086000 1   14.750000    6.971700	9.827800   23.098800   35.505200
-0.02    23.343700 1   41.450000   19.753500   27.720200   64.581000   98.673400
0.04     33.226200 1   64.800000   29.868800   42.422200  104.060900  164.356800
0.06      9.979200 1   19.200000    8.925000   12.617600   30.679800   47.995200
0.08      4.833100 1	9.187500    4.270800	6.037700   14.680800   22.862900
0.1       2.766200 1	5.343800    2.504900	3.525100    8.496200   13.281500
0.12      1.812200 1	3.512500    1.646500	2.317100    5.584600	8.690200
0.14      1.277300 1	2.487500    1.166000	1.640900    3.945000	6.122100
0.18      0.739700 1	1.437500    0.673800	0.942300    2.274100	3.535600
0.2       0.588400 1	1.143700    0.536100	0.754500    1.813900	2.815000
0.3       0.250300 1	0.484400    0.227100	0.319500    0.768200	1.192100
0.5       0.087300 1	0.168000    0.078700	0.110800    0.266400	0.413400
0.7       0.043800 1	0.084800    0.039700	0.055600    0.133800	0.207400
1.0       0.021400 1	0.041000    0.019200	0.027100    0.064900	0.100400
1.2       0.014600 1	0.028500    0.012900	0.018300    0.044400	0.069200
1.4       0.010700 1	0.020700    0.009700	0.013500    0.032900	0.051200
1.8       0.006300 1	0.012500    0.005900	0.007900    0.020100	0.030400
2.0       0.005400 1	0.009800    0.004600	0.006800    0.016000	0.025000
