-20  	 0.095600 1    0.171900    0.080600    0.113400    0.271200    0.418500
-18  	 0.118200 1    0.211700    0.099200    0.139700    0.334100    0.515600
-15  	 0.170400 1    0.305500    0.143200    0.201500    0.482000    0.743900
-12  	 0.267000 1    0.478100    0.224100    0.315400    0.752600    1.163500
-10  	 0.385300 1    0.687500    0.322300    0.453500    1.084900    1.674200
-7.0 	 0.791000 1    1.406200    0.659200    0.927700    2.219000    3.424400
-5.0 	 1.561700 1    2.762500    1.294900    1.822300    4.359200    6.727000
-3.0 	 4.413400 1    7.700000    3.609400    5.079400   12.150400   18.750500
-2.0 	10.150500 1   17.375000    8.144500   11.461700   27.417300   42.310400
-1.8 	12.623100 1   21.450000   10.054700   14.149900   33.933100   52.513400
-1.6 	16.840900 1   27.550000   12.806400   18.104900   43.692900   67.805100
-1.4 	23.458000 1   36.850000   17.129500   24.216500   58.882900   91.700300
-1.2 	33.145900 1   51.800000   23.876600   33.693400   83.597500  132.106700
-1.0 	48.666600 1   74.000000   34.109400   48.133400  119.424900  189.548800
-0.7   102.526900 1  147.000000   67.183600   95.244000  239.579800  387.046500
0.5    147.768700 1  200.000000  110.937500  158.947800  402.491000  606.563900
0.7  	75.576300 1  128.150000   59.069100   83.625200  206.814900  325.395000
1.0  	34.717900 1   63.000000   29.531200   41.559100  100.165900  155.153400
1.2  	24.448600 1   44.550000   20.882800   29.388200   70.654000  109.644900
1.4  	18.107000 1   33.150000   15.539100   21.868000   52.442100   81.535000
1.6  	13.920400 1   25.600000   12.000000   16.887500   40.498200   62.673400
1.8  	11.033200 1   20.350000    9.539100   13.424200   32.192900   49.588500
2.0  	 8.958400 1   16.550000    7.757800   10.917500   26.181500   40.328700
3.0  	 4.035600 1    7.475000    3.503900    4.931000   11.795400   18.202600
5.0  	 1.475900 1    2.712500    1.271500    1.789300    4.280300    6.605300
7.0  	 0.759200 1    1.387500    0.650400    0.915300    2.189400    3.378700
10   	 0.374300 1    0.681200    0.319300    0.449400    1.075000    1.658900
12   	 0.260600 1    0.475000    0.222700    0.313300    0.747600    1.155900
15   	 0.167200 1    0.303900    0.142500    0.200500    0.479600    0.740100
18   	 0.116300 1    0.210900    0.098900    0.139100    0.332900    0.513700
20   	 0.094300 1    0.171100    0.080200    0.112900    0.270000    0.416600
