 200 0.144037  3.539000  0.139791  0.073257  0.099092  0.196415  0.268610
 300 0.107147  1.984200  0.093853  0.049803  0.067066  0.131949  0.180364
 400 0.086059  1.220700  0.061523  0.032715  0.043945  0.087524  0.120971
 500 0.068200  0.798600  0.043364  0.022680  0.030746  0.062051  0.085770
 600 0.047611  0.546000  0.031122  0.016325  0.021840  0.045263  0.063227
 700 0.033765  0.385450  0.026365  0.013683  0.018540  0.038429  0.054233
 800 0.021285  0.278970  0.020365  0.010433  0.014172  0.030045  0.042766
 900 0.020328  0.205960  0.017857  0.009000  0.012316  0.026404  0.037958
1000 0.016346  0.154500  0.014183  0.007030  0.009718  0.021306  0.031024
1500 0.011929  0.042955  0.010670  0.004918  0.006984  0.016838  0.025863
2000 0.016308  0.013967  0.016237  0.007484  0.010629  0.025621  0.039353
