1.0 0.064344 8.40e-01 0.081732 0.044352 0.058968 0.113904 0.152292
1.1 0.06110569 6.54e-01 0.07785592 0.04216594 0.05610465 0.10862544 0.14542913
1.2 0.05786738 5.15e-01 0.07397984 0.03997988 0.0532413 0.10334688 0.13856626
1.3 0.05462907 4.05e-01 0.07010376 0.03779382 0.05037795 0.09806832 0.13170339
1.4 0.05139076 3.28e-01 0.06622768 0.03560776 0.0475146 0.09278976 0.12484052
1.5 0.04815245 2.67e-01 0.0623516 0.0334217 0.04465125 0.0875112 0.11797765
1.6 0.04491414 2.19e-01 0.05847552 0.03123564 0.0417879 0.08223264 0.11111478
1.7 0.04167583 1.83e-01 0.05459944 0.02904958 0.03892455 0.07695408 0.10425191
1.8 0.03843752 1.52e-01 0.05072336 0.02686352 0.0360612 0.07167552 0.09738904
1.9 0.03519921 1.27e-01 0.04684728 0.02467746 0.03319785 0.06639696 0.09052617
2.0 0.0319609 1.07e-01 0.0429712 0.0224914 0.0303345 0.0611184 0.0836633
2.1 0.03154476 9.09e-02 0.04243108 0.02217958 0.02993497 0.06042611 0.08280425
2.2 0.03112862 7.77e-02 0.04189096 0.02186776 0.02953544 0.05973382 0.0819452
2.3 0.03071248 6.56e-02 0.04135084 0.02155594 0.02913591 0.05904153 0.08108615
2.4 0.03029634 5.72e-02 0.04081072 0.02124412 0.02873638 0.05834924 0.0802271
2.5 0.0298802 5.04e-02 0.0402706 0.0209323 0.02833685 0.05765695 0.07936805
2.6 0.02946406 4.36e-02 0.03973048 0.02062048 0.02793732 0.05696466 0.078509
2.7 0.02904792 3.85e-02 0.03919036 0.02030866 0.02753779 0.05627237 0.07764995
2.8 0.02863178 3.36e-02 0.03865024 0.01999684 0.02713826 0.05558008 0.0767909
2.9 0.02821564 2.91e-02 0.03811012 0.01968502 0.02673873 0.05488779 0.07593185
3.0 0.0277995 2.58e-02 0.03757 0.0193732 0.0263392 0.0541955 0.0750728
3.1 0.02738336 0.0225 0.03702988 0.01906138 0.02593967 0.05350321 0.07421375
3.2 0.02696722 0.0192 0.03648976 0.01874956 0.02554014 0.05281092 0.0733547
3.3 0.02655108 0.0159 0.03594964 0.01843774 0.02514061 0.05211863 0.07249565
