-10       0.095600 1	0.171900    0.080600	0.113400    0.271200	0.418500
-9.0      0.118200 1	0.211700    0.099200	0.139700    0.334100	0.515600
-8.0      0.149700 1	0.268800    0.126000	0.177300    0.423000	0.654000
-7.0      0.195800 1	0.351600    0.164800	0.231900    0.553400	0.855500
-6.0      0.267000 1	0.478100    0.224100	0.315400    0.752600	1.163500
-5.0      0.385300 1	0.687500    0.322300	0.453500    1.084900	1.674200
-4.0      0.604200 1	1.075000    0.503900	0.709100    1.696300	2.617800
-3.0      1.079900 1	1.918800    0.899400	1.265700    3.020100	4.669200
-2.0      2.454700 1	4.325000    2.027300	2.853100    6.824700   10.531900
-1.5      4.413400 1	7.700000    3.609400	5.079400   12.150400   18.750500
-1.0     10.150500 1   17.375000    8.144500   11.461700   27.417300   42.310400
-0.9     12.623100 1   21.450000   10.054700   14.149900   33.933100   52.513400
-0.8     16.840900 1   27.550000   12.806400   18.104900   43.692900   67.805100
-0.7     23.458000 1   36.850000   17.129500   24.216500   58.882900   91.700300
-0.6     33.145900 1   51.800000   23.876600   33.693400   83.597500  132.106700
-0.5     48.666600 1   74.000000   34.109400   48.133400  119.424900  189.548800
-0.4     77.609900 1  113.850000   52.033000   73.765500  184.644500  296.976900
0.3     101.021000 1  169.900000   77.649600  110.802100  274.193200  435.193700
0.4      56.359800 1   97.450000   45.299000   64.040800  155.716000  242.501900
0.5      34.717900 1   63.000000   29.531200   41.559100  100.165900  155.153400
0.6      24.448600 1   44.550000   20.882800   29.388200   70.654000  109.644900
0.7      18.107000 1   33.150000   15.539100   21.868000   52.442100   81.535000
0.8      13.920400 1   25.600000   12.000000   16.887500   40.498200   62.673400
0.9      11.033200 1   20.350000    9.539100   13.424200   32.192900   49.588500
1.0       8.958400 1   16.550000    7.757800   10.917500   26.181500   40.328700
1.5       4.035600 1	7.475000    3.503900	4.931000   11.795400   18.202600
2.0       2.291700 1	4.225000    1.980500	2.787100    6.666900   10.288400
3.0       1.029700 1	1.887500    0.884800	1.245100    2.978400	4.596300
4.0       0.582800 1	1.065600    0.499500	0.703000    1.681500	2.594900
5.0       0.374300 1	0.681200    0.319300	0.449400    1.075000	1.658900
6.0       0.260600 1	0.475000    0.222700	0.313300    0.747600	1.155900
7.0       0.191800 1	0.348400    0.163300	0.229900    0.549800	0.848500
8.0       0.147000 1	0.267200    0.125200	0.176300    0.421600	0.650600
9.0       0.116300 1	0.210900    0.098900	0.139100    0.332900	0.513700
10        0.094300 1	0.171100    0.080200	0.112900    0.270000	0.416600
