1.0 0.04446 8.55e+00 0.06327 0.03591 0.04617 0.08379 0.12141
1.1 0.04382914 5.24e+00 0.06205886 0.03503723 0.04518952 0.08264969 0.11910684
1.2 0.04319828 3.34e+00 0.06084772 0.03416446 0.04420904 0.08150938 0.11680368
1.3 0.04256742 2.26e+00 0.05963658 0.03329169 0.04322856 0.08036907 0.11450052
1.4 0.04193656 1.53e+00 0.05842544 0.03241892 0.04224808 0.07922876 0.11219736
1.5 0.0413057 1.05e+00 0.0572143 0.03154615 0.0412676 0.07808845 0.1098942
1.6 0.04067484 7.49e-01 0.05600316 0.03067338 0.04028712 0.07694814 0.10759104
1.7 0.04004398 5.49e-01 0.05479202 0.02980061 0.03930664 0.07580783 0.10528788
1.8 0.03941312 4.04e-01 0.05358088 0.02892784 0.03832616 0.07466752 0.10298472
1.9 0.03878226 3.01e-01 0.05236974 0.02805507 0.03734568 0.07352721 0.10068156
2.0 0.0381514 2.29e-01 0.0511586 0.0271823 0.0363652 0.0723869 0.0983784
2.1 0.03720607 1.70e-01 0.05014416 0.02661078 0.035639 0.07099882 0.09653767
2.2 0.03626074 1.32e-01 0.04912972 0.02603926 0.0349128 0.06961074 0.09469694
2.3 0.03531541 1.05e-01 0.04811528 0.02546774 0.0341866 0.06822266 0.09285621
2.4 0.03437008 8.19e-02 0.04710084 0.02489622 0.0334604 0.06683458 0.09101548
2.5 0.03342475 6.42e-02 0.0460864 0.0243247 0.0327342 0.0654465 0.08917475
2.6 0.03247942 5.04e-02 0.04507196 0.02375318 0.032008 0.06405842 0.08733402
2.7 0.03153409 4.07e-02 0.04405752 0.02318166 0.0312818 0.06267034 0.08549329
2.8 0.03058876 3.15e-02 0.04304308 0.02261014 0.0305556 0.06128226 0.08365256
2.9 0.02964343 2.60e-02 0.04202864 0.02203862 0.0298294 0.05989418 0.08181183
3.0 0.0286981 2.11e-02 0.0410142 0.0214671 0.0291032 0.0585061 0.0799711
3.1 0.02775277 0.0162 0.03999976 0.02089558 0.028377 0.05711802 0.07813037
3.2 0.02680744 0.0113 0.03898532 0.02032406 0.0276508 0.05572994 0.07628964
3.3 0.02586211 0.0064 0.03797088 0.01975254 0.0269246 0.05434186 0.07444891
