-4.5      0.011500 1	0.021100    0.010200	0.014000    0.032900	0.050900
-3.9      0.015200 1	0.027700    0.013400	0.018300    0.044100	0.067700
-3.4      0.019800 1	0.036300    0.017300	0.024100    0.057500	0.088100
-2.9      0.027000 1	0.049600    0.023600	0.033000    0.078500	0.119800
-2.5      0.036000 1	0.066400    0.031400	0.044000    0.104300	0.160000
-1.7      0.075800 1	0.139800    0.066100	0.092600    0.219600	0.336900
-1.2      0.146900 1	0.270300    0.127800	0.179000    0.424400	0.651100
-0.9      0.251900 1	0.462500    0.218600	0.306300    0.726100	1.114100
-0.7      0.400200 1	0.734400    0.347100	0.486300    1.147100	1.758000
-0.50     0.732900 1	1.331200    0.634400	0.884800    2.090100	3.191500
-0.32     1.584000 1	2.862500    1.364200	1.902600    4.459900	6.814300
-0.26     2.234600 1	4.012500    1.912200	2.667000    6.251700	9.551900
-0.2      3.401800 1	6.075000    2.895100	4.037900    9.440900   14.309900
-0.14     5.860000 1   10.337500    4.926500	6.913300   16.065100   24.350300
-0.08    12.902000 1   22.400000   10.762500   14.944700   34.721700   52.722800
-0.04    31.161700 1   53.150000   25.536900   35.676100   82.174600  124.070400
-0.02    78.903300 1  122.150000   58.689300   81.991200  189.828400  287.728600
0.2      21.893100 1   42.550000   19.612900   27.676700   68.669300  108.990500
0.26      8.199700 1   15.775000    7.332900   10.366800   25.207000   39.611400
0.32      4.355100 1	8.375000    3.893100	5.503800   13.382500   20.841000
0.50      1.320500 1	2.575000    1.207000	1.698600    4.073600	6.333400
0.7       0.608800 1	1.165600    0.546400	0.768900    1.839300	2.838400
0.9       0.349800 1	0.662500    0.310500	0.437000    1.045400	1.613300
1.2       0.187800 1	0.354700    0.166300	0.234000    0.558300	0.863100
1.7       0.090100 1	0.168800    0.079100	0.112000    0.266300	0.410900
2.5       0.040300 1	0.075400    0.035600	0.049900    0.119000	0.183600
2.9       0.029700 1	0.055900    0.026200	0.036800    0.087500	0.134500
3.4       0.021600 1	0.040200    0.018900	0.026500    0.063000	0.096800
3.9       0.016300 1	0.030100    0.014600	0.019900    0.047800	0.073400
4.5       0.012300 1	0.022700    0.010600	0.014800    0.035300	0.055000
