-2.0      0.022500 1	0.043000    0.020100	0.028300    0.068000	0.104700
-1.8      0.027800 1	0.052700    0.025100	0.035100    0.083400	0.128500
-1.4      0.045700 1	0.087100    0.041200	0.057700    0.137500	0.212100
-1.2      0.062000 1	0.118400    0.055500	0.078100    0.186800	0.288200
-1.0      0.088800 1	0.169500    0.080100	0.112300    0.267500	0.412800
-0.7      0.179200 1	0.342200    0.161700	0.226600    0.540000	0.833300
-0.5      0.346900 1	0.662500    0.310500	0.437000    1.042800	1.612200
-0.3      0.936300 1	1.781200    0.835000	1.175000    2.803700	4.334600
-0.2      2.034500 1	3.850000    1.804700	2.547700    6.059900	9.324800
-0.18     2.483300 1	4.687500    2.215600	3.103900    7.378100   11.353200
-0.14     3.976200 1	7.475000    3.533100	4.949700   11.765600   18.018900
-0.12     5.287000 1	9.900000    4.679300	6.555500   15.582500   23.864600
-0.1      7.373900 1   13.750000    6.499000	9.104800   21.587600   33.121700
-0.08    11.000500 1   20.375000    9.630400   13.491700   31.988800   49.080300
-0.06    18.178300 1   33.350000   15.763100   22.083400   52.359600   80.335100
-0.04    39.768100 1   66.950000   31.644300   44.332300  105.378600  162.921500
-0.02   121.469900 1  195.000000   91.406200  129.444600  307.705400  477.079200
0.06     46.720400 1   86.900000   40.055500   56.890200  139.550800  220.410600
0.08     22.291500 1   41.700000   19.384000   27.403800   66.632700  104.709600
0.1      13.018700 1   24.000000   11.250000   15.832000   38.062800   59.613500
0.12      7.992700 1   15.325000    7.183600   10.109400   24.182500   37.318400
0.14      5.640400 1   10.837500    5.080100	7.149200   17.101300   26.390700
0.18      3.238900 1	6.250000    2.929700	4.122900    9.862400   15.219600
0.2       2.581100 1	4.987500    2.337900	3.290100    7.870200   12.145200
0.3       1.093900 1	2.112500    0.990200	1.393500    3.333500	5.144200
0.5       0.379900 1	0.734400    0.344200	0.484400    1.155900	1.787100
0.7       0.191100 1	0.368800    0.172900	0.243300    0.581900	0.898000
1.0       0.092800 1	0.178900    0.083900	0.118000    0.281600	0.435400
1.2       0.064300 1	0.123400    0.057900	0.081700    0.194800	0.300600
1.4       0.047200 1	0.090600    0.042500	0.059800    0.142600	0.220500
1.8       0.028400 1	0.054300    0.025900	0.036100    0.085900	0.132300
2.0       0.022900 1	0.044100    0.020700	0.029100    0.069500	0.107400
