1.0 0.057936 1.42e+00 0.079378 0.042742 0.057084 0.110334 0.14768
1.1 0.0556649 1.06e+00 0.0762052 0.04099905 0.0547631 0.10604185 0.14207575
1.2 0.0533938 7.92e-01 0.0730324 0.0392561 0.0524422 0.1017497 0.1364715
1.3 0.0511227 6.07e-01 0.0698596 0.03751315 0.0501213 0.09745755 0.13086725
1.4 0.0488516 4.68e-01 0.0666868 0.0357702 0.0478004 0.0931654 0.125263
1.5 0.0465805 3.65e-01 0.063514 0.03402725 0.0454795 0.08887325 0.11965875
1.6 0.0443094 2.93e-01 0.0603412 0.0322843 0.0431586 0.0845811 0.1140545
1.7 0.0420383 2.32e-01 0.0571684 0.03054135 0.0408377 0.08028895 0.10845025
1.8 0.0397672 1.89e-01 0.0539956 0.0287984 0.0385168 0.0759968 0.102846
1.9 0.0374961 1.52e-01 0.0508228 0.02705545 0.0361959 0.07170465 0.09724175
2.0 0.035225 1.25e-01 0.04765 0.0253125 0.033875 0.0674125 0.0916375
2.1 0.03420109 9.94e-02 0.0464295 0.02462276 0.03298099 0.06576982 0.08950257
2.2 0.03317718 8.42e-02 0.045209 0.02393302 0.03208698 0.06412714 0.08736764
2.3 0.03215327 6.99e-02 0.0439885 0.02324328 0.03119297 0.06248446 0.08523271
2.4 0.03112936 5.63e-02 0.042768 0.02255354 0.03029896 0.06084178 0.08309778
2.5 0.03010545 4.71e-02 0.0415475 0.0218638 0.02940495 0.0591991 0.08096285
2.6 0.02908154 4.10e-02 0.040327 0.02117406 0.02851094 0.05755642 0.07882792
2.7 0.02805763 3.43e-02 0.0391065 0.02048432 0.02761693 0.05591374 0.07669299
2.8 0.02703372 2.80e-02 0.037886 0.01979458 0.02672292 0.05427106 0.07455806
2.9 0.02600981 2.41e-02 0.0366655 0.01910484 0.02582891 0.05262838 0.07242313
3.0 0.0249859 2.04e-02 0.035445 0.0184151 0.0249349 0.0509857 0.0702882
3.1 0.02396199 0.0167 0.0342245 0.01772536 0.02404089 0.04934302 0.06815327
3.2 0.02293808 0.013 0.033004 0.01703562 0.02314688 0.04770034 0.06601834
3.3 0.02191417 0.0093 0.0317835 0.01634588 0.02225287 0.04605766 0.06388341
