 200 0.205183  1.000000  0.192614  0.141421  0.163401  0.229783  0.270185
 300 0.262107  1.000000  0.220000  0.160312  0.186011  0.262488  0.307083
 400 0.273861  1.000000  0.237908  0.173494  0.201246  0.283901  0.333167
 500 0.293258  1.000000  0.239583  0.173494  0.201742  0.286531  0.337046
 600 0.281957  1.000000  0.249199  0.180278  0.210000  0.298831  0.353129
 700 0.260768  1.000000  0.262869  0.189473  0.220454  0.316228  0.374299
 800 0.268142  1.000000  0.279464  0.200749  0.233452  0.337491  0.400999
 900 0.285482  1.000000  0.291204  0.207364  0.242281  0.352987  0.422137
1000 0.307083  1.000000  0.304959  0.215639  0.252784  0.372156  0.447102
1500 0.461844  1.000000  0.480937  0.327872  0.391024  0.601747  0.738918
2000 1.083051  1.000000  1.069439  0.729178  0.866949  1.336638  1.642650
