 200 0.439778  2.865000  0.330048  0.172760  0.232925  0.476163  0.663821
 300 0.508154  1.586000  0.281832  0.147498  0.199043  0.405540  0.564299
 400 0.284130  0.962500  0.182394  0.094710  0.128301  0.264495  0.369792
 500 0.102315  0.621600  0.113815  0.058244  0.079068  0.166464  0.235897
 600 0.054748  0.419200  0.080444  0.040830  0.055712  0.118592  0.169315
 700 0.033860  0.292400  0.059679  0.029854  0.040790  0.088948  0.128334
 800 0.032604  0.209270  0.056608  0.028524  0.039050  0.084357  0.122423
 900 0.030025  0.152720  0.042059  0.020373  0.028330  0.064356  0.095374
1000 0.025777  0.112910  0.034844  0.016745  0.023384  0.053598  0.080392
1500 0.017758  0.029966  0.024347  0.009892  0.014860  0.041623  0.068212
2000 0.138625  0.009336  0.096278  0.046258  0.064625  0.148086  0.224382
