-35       0.191000 1	0.294500    0.135800	0.192800    0.470600	0.732900
-33       0.214800 1	0.331300    0.152700	0.216900    0.529300	0.820600
-30       0.260000 1	0.400000    0.184400	0.261900    0.636000	0.994200
-25       0.374400 1	0.571900    0.263600	0.374400    0.913800	1.423100
-20       0.584900 1	0.887500    0.409100	0.581000    1.418100	2.198500
-15       1.039400 1	1.556200    0.717300	1.018800    2.486700	3.837600
-10       2.334000 1	3.412500    1.572900	2.234000    5.412000	8.398700
-7.5      4.124600 1	5.887500    2.736800	3.869100    9.360700   14.499500
-5.0      9.185400 1   12.525000    5.822200	8.231000   19.864000   30.826100
-4.0     14.175200 1   18.750000    8.715800   12.321900   29.736500   46.146800
-3.0     24.605800 1   31.100000   14.578100   20.515700   49.323000   76.542200
-2.5     36.071700 1   42.800000   19.895300   28.126700   68.049200  106.376100
-2.0     56.951100 1   62.750000   29.168900   41.237100  100.268600  157.566600
-1.5     98.642700 1  100.900000   46.508600   66.055500  162.837500  258.452300
-1.0    192.329400 1  181.200000   83.521900  118.243400  292.429700  472.218800
2.5      53.297300 1   80.700000   35.621500   51.469400  134.097800  221.919800
3.0      34.520800 1   54.050000   24.069100   34.609300   88.952200  144.917600
4.0      16.245500 1   26.950000   12.211700   17.508300   43.493300   69.031600
5.0       9.626300 1   16.550000    7.563900   10.793300   26.709200   41.838800
7.5       4.116500 1	7.100000    3.244900	4.630300   11.401700   17.849000
10        2.296600 1	3.925000    1.793800	2.559700    6.271800	9.855800
15        1.029900 1	1.712500    0.782700	1.116800    2.736400	4.280800
20        0.582000 1	0.953100    0.439300	0.620000    1.523000	2.371800
25        0.372800 1	0.606200    0.279400	0.394300    0.968700	1.508600
30        0.259000 1	0.418700    0.193000	0.274100    0.669100	1.042000
33        0.214100 1	0.345300    0.159200	0.226100    0.551800	0.859300
35        0.190300 1	0.307000    0.141500	0.199700    0.490600	0.764000
