1.0 0.060112 2.21e+00 0.07514 0.040443 0.054587 0.104533 0.140335
1.1 0.05777161 1.60e+00 0.07287696 0.03918863 0.05287919 0.10146565 0.13633581
1.2 0.05543122 1.14e+00 0.07061392 0.03793426 0.05117138 0.0983983 0.13233662
1.3 0.05309083 8.47e-01 0.06835088 0.03667989 0.04946357 0.09533095 0.12833743
1.4 0.05075044 6.32e-01 0.06608784 0.03542552 0.04775576 0.0922636 0.12433824
1.5 0.04841005 4.81e-01 0.0638248 0.03417115 0.04604795 0.08919625 0.12033905
1.6 0.04606966 3.69e-01 0.06156176 0.03291678 0.04434014 0.0861289 0.11633986
1.7 0.04372927 2.85e-01 0.05929872 0.03166241 0.04263233 0.08306155 0.11234067
1.8 0.04138888 2.28e-01 0.05703568 0.03040804 0.04092452 0.0799942 0.10834148
1.9 0.03904849 1.80e-01 0.05477264 0.02915367 0.03921671 0.07692685 0.10434229
2.0 0.0367081 1.43e-01 0.0525096 0.0278993 0.0375089 0.0738595 0.1003431
2.1 0.03563198 1.16e-01 0.05100837 0.02705746 0.03639573 0.07183746 0.09767755
2.2 0.03455586 9.24e-02 0.04950714 0.02621562 0.03528256 0.06981542 0.095012
2.3 0.03347974 7.56e-02 0.04800591 0.02537378 0.03416939 0.06779338 0.09234645
2.4 0.03240362 6.04e-02 0.04650468 0.02453194 0.03305622 0.06577134 0.0896809
2.5 0.0313275 5.06e-02 0.04500345 0.0236901 0.03194305 0.0637493 0.08701535
2.6 0.03025138 4.22e-02 0.04350222 0.02284826 0.03082988 0.06172726 0.0843498
2.7 0.02917526 3.48e-02 0.04200099 0.02200642 0.02971671 0.05970522 0.08168425
2.8 0.02809914 2.81e-02 0.04049976 0.02116458 0.02860354 0.05768318 0.0790187
2.9 0.02702302 2.41e-02 0.03899853 0.02032274 0.02749037 0.05566114 0.07635315
3.0 0.0259469 2.02e-02 0.0374973 0.0194809 0.0263772 0.0536391 0.0736876
3.1 0.02487078 0.0163 0.03599607 0.01863906 0.02526403 0.05161706 0.07102205
3.2 0.02379466 0.0124 0.03449484 0.01779722 0.02415086 0.04959502 0.0683565
3.3 0.02271854 0.0085 0.03299361 0.01695538 0.02303769 0.04757298 0.06569095
