-50        0.011100 1	 0.016800    0.007600	 0.010800    0.027200	 0.043300
-45        0.013800 1	 0.020700    0.009400	 0.013300    0.033600	 0.053300
-40        0.017500 1	 0.026200    0.011900	 0.016800    0.042400	 0.067400
-35        0.022900 1	 0.034400    0.015600	 0.022300    0.055500	 0.088100
-30        0.031300 1	 0.046900    0.021200	 0.030500    0.075600	 0.119000
-20        0.070100 1	 0.104700    0.047400	 0.068000    0.168900	 0.268200
-10        0.281000 1	 0.412500    0.186900	 0.268000    0.665700	 1.052000
-8.0       0.439000 1	 0.640600    0.290300	 0.416200    1.033900	 1.626700
-6.0       0.779600 1	 1.125000    0.509800	 0.730900    1.815600	 2.856600
-5.0       1.118000 1	 1.606300    0.727800	 1.043500    2.579400	 4.074000
-4.0       1.743600 1	 2.468800    1.128300	 1.599500    3.984200	 6.268600
-3.0       3.087300 1	 4.275000    1.953800	 2.788000    6.865100	10.843000
-2.5       4.428200 1	 6.025000    2.753600	 3.929300    9.675400	15.281600
-2.0       6.870300 1	 9.125000    4.206100	 5.935400   14.653600	23.042100
-1.5      12.040800 1	15.425000    7.110000	10.033200   24.647700	38.732500
-1.2      19.157600 1	23.050000   10.624600	15.090000   36.831700	58.138900
-1.0      27.046900 1	31.550000   14.542600	20.654600   50.413900	79.934100
-0.8      41.731100 1	46.100000   21.249200	30.180000   74.031000  116.926700
-0.6      70.085100 1	73.100000   33.694500	47.855900  117.389700  185.408700
-0.4     140.067200 1  134.100000   61.811700	87.790300  216.417400  343.493100
0.8       59.478500 1	91.100000   39.856300	57.871600  152.831800  252.765900
1.0       34.493900 1	54.750000   24.380900	35.057500   90.977100  148.199300
1.2       22.600400 1	36.500000   16.253900	23.371700   60.069500	97.067300
1.5       13.728100 1	22.450000    9.997300	14.375200   36.767900	59.161900
2.0        7.411100 1	12.150000    5.458000	 7.810700   19.802000	31.722700
2.5        4.599200 1	 7.550000    3.391600	 4.853500   12.305000	19.712500
3.0        3.077500 1	 5.137500    2.307900	 3.302700    8.332100	13.287200
4.0        1.739300 1	 2.837500    1.274700	 1.824100    4.579300	 7.331400
5.0        1.118200 1	 1.793800    0.812800	 1.157700    2.894800	 4.614600
6.0        0.779000 1	 1.234400    0.559300	 0.796600    1.992100	 3.175600
8.0        0.439000 1	 0.687500    0.311500	 0.443700    1.109500	 1.761000
10         0.281000 1	 0.437500    0.198200	 0.282400    0.706100	 1.120600
20         0.070100 1	 0.107800    0.048900	 0.069600    0.174000	 0.276200
30         0.031200 1	 0.047700    0.021600	 0.031000    0.076900	 0.122100
35         0.022900 1	 0.034800    0.016000	 0.022800    0.056700	 0.089200
40         0.017400 1	 0.027000    0.012200	 0.017300    0.042900	 0.068200
45         0.013800 1	 0.021100    0.009600	 0.013500    0.034200	 0.054300
50         0.011100 1	 0.016800    0.007600	 0.011100    0.027800	 0.043400
