1.0 0.048312 3.96e+00 0.066528 0.036432 0.0495 0.09504 0.127116
1.1 0.04711207 2.67e+00 0.06498389 0.03550317 0.0482003 0.09274318 0.12418063
1.2 0.04591214 1.81e+00 0.06343978 0.03457434 0.0469006 0.09044636 0.12124526
1.3 0.04471221 1.29e+00 0.06189567 0.03364551 0.0456009 0.08814954 0.11830989
1.4 0.04351228 9.20e-01 0.06035156 0.03271668 0.0443012 0.08585272 0.11537452
1.5 0.04231235 6.75e-01 0.05880745 0.03178785 0.0430015 0.0835559 0.11243915
1.6 0.04111242 5.11e-01 0.05726334 0.03085902 0.0417018 0.08125908 0.10950378
1.7 0.03991249 3.82e-01 0.05571923 0.02993019 0.0404021 0.07896226 0.10656841
1.8 0.03871256 2.92e-01 0.05417512 0.02900136 0.0391024 0.07666544 0.10363304
1.9 0.03751263 2.32e-01 0.05263101 0.02807253 0.0378027 0.07436862 0.10069767
2.0 0.0363127 1.73e-01 0.0510869 0.0271437 0.036503 0.0720718 0.0977623
2.1 0.03559325 1.37e-01 0.04996936 0.02651848 0.03568477 0.07055788 0.09576828
2.2 0.0348738 1.09e-01 0.04885182 0.02589326 0.03486654 0.06904396 0.09377426
2.3 0.03415435 8.87e-02 0.04773428 0.02526804 0.03404831 0.06753004 0.09178024
2.4 0.0334349 6.90e-02 0.04661674 0.02464282 0.03323008 0.06601612 0.08978622
2.5 0.03271545 5.62e-02 0.0454992 0.0240176 0.03241185 0.0645022 0.0877922
2.6 0.031996 4.48e-02 0.04438166 0.02339238 0.03159362 0.06298828 0.08579818
2.7 0.03127655 3.70e-02 0.04326412 0.02276716 0.03077539 0.06147436 0.08380416
2.8 0.0305571 2.97e-02 0.04214658 0.02214194 0.02995716 0.05996044 0.08181014
2.9 0.02983765 2.49e-02 0.04102904 0.02151672 0.02913893 0.05844652 0.07981612
3.0 0.0291182 2.05e-02 0.0399115 0.0208915 0.0283207 0.0569326 0.0778221
3.1 0.02839875 0.0161 0.03879396 0.02026628 0.02750247 0.05541868 0.07582808
3.2 0.0276793 0.0117 0.03767642 0.01964106 0.02668424 0.05390476 0.07383406
3.3 0.02695985 0.0073 0.03655888 0.01901584 0.02586601 0.05239084 0.07184004
