1.00 0.737900  28.16544022900	 0.526600    0.288000	 0.381200    0.728100	 0.963400
1.06 0.658700  66.70999999990	 0.503100    0.275100	 0.364200    0.697700	 0.922000
1.10 0.602200  53.64999999990	 0.479700    0.262300	 0.348900    0.663200	 0.877600
1.20 0.493400  17.85000000000	 0.407800    0.223000	 0.295200    0.562200	 0.744900
1.30 0.416900	4.73989839840	 0.359400    0.196500	 0.260100    0.496900	 0.657500
1.40 0.352600	1.18200000000	 0.307800    0.168300	 0.222800    0.425600	 0.563200
1.50 0.264200	0.29190022180	 0.262500    0.143600	 0.190000    0.362900	 0.480300
1.60 0.208000	0.07318726070	 0.218000    0.119200	 0.157800    0.302200	 0.400800
1.70 0.166400	0.01851000000	 0.171900    0.093300	 0.124000    0.239700	 0.320400
1.90 0.112900	0.00127128770	 0.130900    0.071100	 0.094400    0.182000	 0.243600
2.00 0.089300	0.00034460000	 0.112100    0.060400	 0.080600    0.156800	 0.210700
2.20 0.068100	0.00002705950	 0.086300    0.046500	 0.062100    0.121100	 0.162500
