-30       0.024000 1	0.042600    0.020000	0.028100    0.066700	0.102500
-28       0.027700 1	0.048800    0.022900	0.032200    0.076500	0.117500
-23       0.040700 1	0.071900    0.033700	0.047700    0.112800	0.173100
-21       0.048900 1	0.086300    0.040500	0.056900    0.135500	0.208000
-18       0.066200 1	0.116800    0.054700	0.077500    0.183400	0.281300
-15       0.095100 1	0.168000    0.078700	0.110800    0.263000	0.404300
-13       0.126200 1	0.222700    0.104400	0.146900    0.349600	0.536300
-10       0.211700 1	0.371900    0.174300	0.246900    0.585300	0.896400
-5.0      0.821000 1	1.431200    0.670900	0.950100    2.252800	3.450100
-3.0      2.191100 1	3.787500    1.775400	2.498500    5.946400	9.123500
-2.5      3.094200 1	5.325000    2.496100	3.512700    8.360300   12.827100
-2.1      4.290100 1	7.337500    3.439500	4.840300   11.549200   17.771600
-1.8      5.709900 1	9.700000    4.546900	6.398800   15.306400   23.620800
-1.5      7.977100 1   13.450000    6.304700	8.872500   21.223800   32.752500
-1.2     11.939700 1   19.900000    9.328100   13.127400   31.401700   48.459100
-0.9     19.830000 1   32.400000   15.187500   21.373200   51.126400   78.898300
-0.6     41.117300 1   62.900000   29.484400   41.493100   99.756100  154.092300
-0.3    126.064300 1  180.350000   83.834600  118.519800  288.182400  450.829700
0.9      56.047400 1   96.950000   43.930500   62.570100  159.554400  258.883300
1.2      21.611700 1   39.150000   18.351600   25.826000   61.777800   95.335400
1.5      12.666100 1   23.050000   10.894700   15.263000   36.188600   55.523900
1.8       8.312200 1   15.175000    7.172600   10.048400   23.824800   36.554300
2.1       5.881600 1   10.750000    5.081100	7.118300   16.877500   25.895100
2.5       4.012700 1	7.325000    3.462200	4.850400   11.500300   17.644800
3.0       2.719500 1	4.937500    2.333700	3.269500    7.751900   11.893700
5.0       0.934200 1	1.681200    0.788100	1.116000    2.639600	4.049900
10        0.225800 1	0.403100    0.189000	0.267600    0.632900	0.971100
13        0.132600 1	0.235900    0.111500	0.156200    0.370400	0.568300
15        0.099300 1	0.176600    0.083500	0.116900    0.277200	0.425300
18        0.068600 1	0.122300    0.057300	0.080700    0.192000	0.294500
21        0.050400 1	0.089500    0.042300	0.059200    0.140400	0.215500
23        0.041800 1	0.074600    0.035000	0.049200    0.116800	0.179600
28        0.028300 1	0.050400    0.023600	0.033200    0.078900	0.120700
30        0.024500 1	0.043400    0.020700	0.028800    0.068600	0.104700
