1.0 0.063648 1.04e+00 0.079664 0.043264 0.057408 0.110448 0.147992
1.1 0.0605425 7.95e-01 0.0763033 0.0413851 0.0549408 0.1059372 0.1420918
1.2 0.057437 6.06e-01 0.0729426 0.0395062 0.0524736 0.1014264 0.1361916
1.3 0.0543315 4.74e-01 0.0695819 0.0376273 0.0500064 0.0969156 0.1302914
1.4 0.051226 3.79e-01 0.0662212 0.0357484 0.0475392 0.0924048 0.1243912
1.5 0.0481205 2.98e-01 0.0628605 0.0338695 0.045072 0.087894 0.118491
1.6 0.045015 2.46e-01 0.0594998 0.0319906 0.0426048 0.0833832 0.1125908
1.7 0.0419095 1.98e-01 0.0561391 0.0301117 0.0401376 0.0788724 0.1066906
1.8 0.038804 1.62e-01 0.0527784 0.0282328 0.0376704 0.0743616 0.1007904
1.9 0.0356985 1.33e-01 0.0494177 0.0263539 0.0352032 0.0698508 0.0948902
2.0 0.032593 1.10e-01 0.046057 0.024475 0.032736 0.06534 0.08899
2.1 0.0318488 9.15e-02 0.04487272 0.02379157 0.03186099 0.063741 0.08692723
2.2 0.0311046 7.59e-02 0.04368844 0.02310814 0.03098598 0.062142 0.08486446
2.3 0.0303604 6.51e-02 0.04250416 0.02242471 0.03011097 0.060543 0.08280169
2.4 0.0296162 5.49e-02 0.04131988 0.02174128 0.02923596 0.058944 0.08073892
2.5 0.028872 4.75e-02 0.0401356 0.02105785 0.02836095 0.057345 0.07867615
2.6 0.0281278 4.06e-02 0.03895132 0.02037442 0.02748594 0.055746 0.07661338
2.7 0.0273836 3.39e-02 0.03776704 0.01969099 0.02661093 0.054147 0.07455061
2.8 0.0266394 2.99e-02 0.03658276 0.01900756 0.02573592 0.052548 0.07248784
2.9 0.0258952 2.52e-02 0.03539848 0.01832413 0.02486091 0.050949 0.07042507
3.0 0.025151 2.13e-02 0.0342142 0.0176407 0.0239859 0.04935 0.0683623
3.1 0.0244068 0.0174 0.03302992 0.01695727 0.02311089 0.047751 0.06629953
3.2 0.0236626 0.0135 0.03184564 0.01627384 0.02223588 0.046152 0.06423676
3.3 0.0229184 0.0096 0.03066136 0.01559041 0.02136087 0.044553 0.06217399
