-40       0.027900 1	0.049600    0.023600	0.033000    0.078100	0.119600
-35       0.036400 1	0.065200    0.030800	0.043200    0.102200	0.155500
-30       0.049600 1	0.088700    0.041900	0.059100    0.139200	0.213600
-25       0.071400 1	0.128100    0.060600	0.084800    0.201200	0.307200
-20       0.112000 1	0.201600    0.095300	0.133500    0.314800	0.480200
-15       0.200300 1	0.360900    0.170600	0.239000    0.563800	0.859900
-10       0.455700 1	0.818800    0.387000	0.545500    1.285400	1.962800
-5.0      1.885200 1	3.400000    1.607000	2.265400    5.324500	8.105900
-3.5      3.972500 1	7.175000    3.391300	4.751100   11.207600   17.093100
-3.0      5.510800 1	9.937500    4.697000	6.600800   15.562300   23.691900
-2.5      8.161900 1   14.675000    6.936200	9.777800   22.981300   34.986500
-2.0     13.328900 1   23.850000   11.272900   15.792800   37.349500   57.135400
-1.5     25.545400 1   45.350000   21.435000   30.029400   71.199700  109.241300
-1.0     92.334000 1  148.100000   66.529300   95.206500  244.914600  402.201400
0.5     117.480800 1  180.150000   83.037900  117.937600  287.862800  452.360500
1.0      35.104700 1   56.800000   26.625000   37.469100   89.855500  139.056600
1.5      16.123600 1   27.700000   12.984400   18.272800   43.599500   66.772500
2.0       9.483500 1   16.500000    7.734400   10.884500   25.905100   39.746000
2.5       6.240200 1   10.925000    5.163800	7.234200   17.195800   26.335400
3.0       4.415500 1	7.775000    3.644500	5.161200   12.206800   18.728800
3.5       3.288900 1	5.812500    2.724600	3.858400    9.125600   14.001400
5.0       1.654600 1	2.937500    1.388400	1.945100    4.611900	7.076000
10        0.426900 1	0.762500    0.360400	0.504900    1.194100	1.835400
15        0.191700 1	0.342200    0.161700	0.226600    0.537200	0.824300
20        0.108400 1	0.193700    0.091600	0.128300    0.304200	0.466700
25        0.069600 1	0.124600    0.058900	0.082500    0.195100	0.298500
30        0.048600 1	0.086700    0.041000	0.057400    0.135800	0.208700
35        0.035700 1	0.063700    0.030300	0.042300    0.100000	0.153400
40        0.027400 1	0.048800    0.023300	0.032500    0.076500	0.117500
