110   53.3155  48.57675       48.57675 26.06744   34.99559	 67.59194   90.61179  
115   39.6201  46.21384       46.21384 24.79945   33.29331	 64.30409   86.20418  
120   34.395   40.00677       40.00677 21.46859   28.82162	 55.66728   74.62593  
125   29.8322  34.71542       34.71542 18.62912   25.00963	 48.30465   64.75580  
130   22.4261  26.07180       26.07180 13.99075   18.78261	 36.27752   48.63258  
135   18.5122  21.51225       21.51225 11.54399   15.49783	 29.93315   40.12750  
140   14.0916  16.36357       16.36357  8.78108   11.78862	 22.76903   30.52349  
150   8.169	9.46807        9.46807  5.08079    6.82097	 13.17431   17.66110  
160   3.81379	4.39765        4.39765  2.35988    3.16815	  6.11909    8.20307  
170   3.43139	3.96161        3.96161  2.12589    2.85402	  5.51237    7.38972  
180   4.67324	5.40818        5.40818  2.90216    3.89615	  7.52519   10.08805  
190   7.03379	8.16406        8.16406  4.38103    5.88154	 11.35986   15.22869  
200   10.8647  12.62228       12.62228  6.77341    9.09332	 17.56322   23.54474
