110 8.23 10.58 10.58 5.36 7.19 13.89 18.62
115 8.35 6.55 6.55 3.35 4.50 8.70 11.66
120 4.38 3.81 3.81 2.04 2.74 5.30 7.10
125 3.54 2.19 2.19 1.18 1.58 3.05 4.09
130 2.45 1.50 1.50 0.81 1.08 2.09 2.80
135 1.84 1.15 1.15 0.62 0.83 1.60 2.14
140 1.53 1.04 1.04 0.56 0.75 1.45 1.94
145 1.27 0.84 0.84 0.45 0.60 1.16 1.56
150 1.16 0.74 0.74 0.40 0.53 1.03 1.38
155 1.02 0.57 0.57 0.30 0.41 0.79 1.06
160 0.91 0.48 0.48 0.26 0.34 0.66 0.89
170 0.98 0.54 0.54 0.29 0.39 0.76 1.02
180 0.98 0.71 0.71 0.38 0.51 0.99 1.32
190 0.97 1.08 1.08 0.58 0.77 1.50 2.01
200 1.07 1.41 1.41 0.76 1.02 1.97 2.64
250 1.12 2.01 2.01 1.08 1.45 2.79 3.74
300 1.06 2.13 2.13 1.14 1.54 2.97 3.98
350 1.70 1.75 1.75 0.94 1.26 2.44 3.27
400 2.31 2.12 2.12 1.14 1.53 2.96 3.96
450 3.53 2.97 2.97 1.59 2.14 4.13 5.53
500 6.17 4.27 4.27 2.29 3.08 5.94 7.97
550 10.99 5.81 5.81 3.12 4.19 8.09 10.84
600 11.85 8.13 8.13 4.36 5.86 11.32 15.17
