110 26.28 16.44 16.44 8.82 11.85 22.88 30.67
115 11.81 9.60 9.60 5.15 6.92 13.36 17.91
120 9.26 6.26 6.26 3.36 4.51 8.71 11.67
125 5.06 4.01 4.01 2.15 2.89 5.57 7.47
130 3.10 2.45 2.45 1.31 1.76 3.41 4.57
135 2.45 2.08 2.08 1.12 1.50 2.89 3.88
140 1.76 1.48 1.48 0.80 1.07 2.06 2.77
150 1.41 1.01 1.01 0.54 0.73 1.41 1.89
160 1.15 0.78 0.78 0.42 0.56 1.08 1.45
170 1.12 0.72 0.72 0.39 0.52 1.01 1.35
180 1.26 0.79 0.79 0.42 0.57 1.10 1.47
190 1.65 1.02 1.02 0.55 0.74 1.42 1.90
200 2.11 1.21 1.21 0.65 0.87 1.69 2.26
250 4.59 2.30 2.30 1.24 1.66 3.20 4.29
300 5.40 2.78 2.78 1.49 2.00 3.87 5.19
350 6.48 3.30 3.30 1.77 2.38 4.60 6.16
400 9.09 4.70 4.70 2.52 3.39 6.54 8.77
450 11.67 5.93 5.93 3.18 4.27 8.25 11.07
500 15.97 8.03 8.03 4.31 5.79 11.18 14.98
550 21.13 10.46 10.46 5.61 7.54 14.56 19.52
600 29.94 14.89 14.89 7.99 10.73 20.72 27.78
