110.0 8.3 3.67367651776 3.67367651776 1.74305739095 2.56441360653 4.73760507421 7.13820017537
115.0 3.83810860962 1.9423776672 1.9423776672 0.873439060517 1.24683123086 3.18170652529 4.19977395699
120.0 2.70967917193 1.20989515001 1.20989515001 0.655541849219 0.87055904674 1.71713755386 2.39764414963
125.0 1.60422796161 0.782420830751 0.782420830751 0.41207648269 0.553305567615 1.11929488769 1.56203703008
130.0 1.58467419985 0.551716417782 0.551716417782 0.284886606016 0.387879229249 0.800252549827 1.13967697255
135.0 1.42074493955 0.340793251305 0.340793251305 0.153477618627 0.225142735438 0.517859600075 0.756069413816
140.0 1.05499264111 0.270934664316 0.270934664316 0.127098678391 0.183053445276 0.40287377419 0.58077145592
150.0 0.628992771091 0.160800138909 0.160800138909 0.0432107766962 0.112687698372 0.237457527815 0.337745738435
160.0 0.213571668817 0.1 0.1 0.07 0.09 0.111080954377 0.154415235307
170.0 0.406718787633 0.14810251697 0.14810251697 0.0189053716152 0.103915646382 0.21099981091 0.295894976941
180.0 0.437484488804 0.127540430896 0.127540430896 0.0 0.0697134002958 0.188490064757 0.272403145535
190.0 0.551355146612 0.178923500136 0.178923500136 0.0588936251371 0.12030998624 0.26687733826 0.38348115579
200.0 0.736588063922 0.305369772783 0.305369772783 0.141563648438 0.204927799909 0.459442707472 0.665707816634
250.0 0.509567514281 0.536647467485 0.536647467485 0.255829612442 0.363743057122 0.794376053175 1.13487770434
300.0 0.546425045004 0.642098451263 0.642098451263 0.2795790229 0.417473321381 0.985216023106 1.45230665302
350.0 0.217033464406 0.332208978203 0.332208978203 0.113206184647 0.189137580605 0.571639127222 0.915784030474
400.0 0.192709785502 0.310674128932 0.310674128932 0.102289762533 0.175838170626 0.539626646884 0.870226905236
450.0 0.219161827081 0.315505949145 0.315505949145 0.105393071513 0.179245355234 0.5440460125 0.870260558332
500.0 0.388767875788 0.538124532819 0.538124532819 0.183776344435 0.3093412166 0.917541123705 1.45730562232
550.0 0.561854954022 0.583565063876 0.583565063876 0.211669811271 0.346838895439 0.963350437159 1.49198935976
600.0 0.578252194563 0.861463950444 0.861463950444 0.350915251349 0.542180605032 1.3574502596 2.03698740573
