110 10.23 11.41 11.41 6.12 8.22 15.87 21.28
115 5.54 5.88 5.88 3.15 4.23 8.18 10.96
120 4.73 4.68 4.68 2.51 3.37 6.52 8.73
130 2.13 1.41 1.41 0.76 1.02 1.97 2.64
135 1.62 1.09 1.09 0.59 0.79 1.52 2.04
140 1.14 0.85 0.85 0.45 0.61 1.18 1.58
150 0.81 0.62 0.62 0.33 0.44 0.86 1.15
160 0.65 0.36 0.36 0.19 0.26 0.51 0.68
170 0.74 0.41 0.41 0.22 0.29 0.57 0.76
180 1.00 0.52 0.52 0.28 0.37 0.72 0.97
190 1.41 0.80 0.80 0.43 0.57 1.11 1.49
200 1.99 1.09 1.09 0.58 0.78 1.51 2.03
250 1.48 1.70 1.70 0.91 1.22 2.36 3.16
300 1.27 1.89 1.89 1.01 1.36 2.63 3.52
350 1.10 1.58 1.58 0.85 1.14 2.19 2.94
400 1.23 1.88 1.88 1.01 1.35 2.61 3.50
450 1.79 2.55 2.55 1.37 1.84 3.55 4.76
500 4.08 3.57 3.57 1.92 2.57 4.97 6.66
550 4.52 4.60 4.60 2.47 3.32 6.40 8.58
600 6.46 7.07 7.07 3.79 5.09 9.83 13.18
