110  0.78976  0.85841  0.85841  0.46274  0.61575  1.21084  1.65363
115  0.67276  0.71703  0.71703  0.39073  0.51819  1.01142  1.37215
120  0.50368  0.61466  0.61466  0.33494  0.44639  0.86212  1.17287
125  0.47885  0.54325  0.54325  0.29603  0.39067  0.76196  1.03661
130  0.46410  0.48600  0.48600  0.26293  0.34920  0.68166  0.92736
135  0.43226  0.43975  0.43975  0.23791  0.31833  0.62029  0.84713
140  0.36038  0.39514  0.39514  0.21223  0.28368  0.56051  0.76334
150  0.31712  0.27645  0.27645  0.14632  0.19665  0.39436  0.54254
160  0.19533  0.16634  0.16634  0.08772  0.11904  0.23993  0.33237
170  0.26771  0.16319  0.16319  0.08606  0.11559  0.23409  0.32523
180  0.33009  0.18743  0.18743  0.09920  0.13263  0.26737  0.37019
190  0.38317  0.21936  0.21936  0.11611  0.15523  0.31205  0.42992
200  0.41294  0.24289  0.24289  0.12856  0.17233  0.34648  0.47667
250  0.33841  0.26370  0.26370  0.13854  0.18597  0.37617  0.52417
300  0.16323  0.19803  0.19803  0.10404  0.14002  0.28249  0.39113
350  0.06378  0.14098  0.14098  0.07407  0.09943  0.20224  0.28097
400  0.04012  0.10961  0.10961  0.05759  0.07770  0.15723  0.21844
450  0.03149  0.08844  0.08844  0.04647  0.06253  0.12757  0.17782
500  0.03397  0.07572  0.07572  0.03949  0.05321  0.10922  0.15224
550  0.04221  0.06032  0.06032  0.03145  0.04239  0.08748  0.12308
600  0.04560  0.04752  0.04752  0.02441  0.03316  0.06968  0.09861
