110 31.14 18.03 18.03 9.68 12.99 25.09 33.64
115 13.01 10.37 10.37 5.56 7.47 14.43 19.34
120 10.36 6.78 6.78 3.64 4.89 9.44 12.65
125 5.33 4.26 4.26 2.29 3.07 5.93 7.95
130 3.36 2.61 2.61 1.40 1.88 3.63 4.87
135 2.78 2.34 2.34 1.26 1.69 3.26 4.37
140 1.88 1.59 1.59 0.85 1.14 2.21 2.96
150 1.53 1.08 1.08 0.58 0.78 1.50 2.01
160 1.33 0.85 0.85 0.46 0.61 1.19 1.59
170 1.36 0.81 0.81 0.44 0.59 1.13 1.52
180 1.40 0.84 0.84 0.45 0.61 1.18 1.58
190 1.78 1.07 1.07 0.58 0.77 1.49 2.00
200 2.32 1.27 1.27 0.68 0.92 1.77 2.38
250 5.28 2.48 2.48 1.33 1.78 3.44 4.62
300 6.47 3.06 3.06 1.64 2.21 4.26 5.71
350 7.71 3.64 3.64 1.96 2.62 5.07 6.80
400 11.41 5.34 5.34 2.86 3.84 7.42 9.95
450 15.35 6.93 6.93 3.72 4.99 9.65 12.93
500 20.49 9.22 9.22 4.95 6.64 12.83 17.20
550 27.12 12.05 12.05 6.47 8.68 16.77 22.48
600 40.57 17.72 17.72 9.51 12.76 24.65 33.05
