110 12.12 7.68 7.68 4.12 5.53 10.68 14.32
115 4.88 3.65 3.65 1.96 2.63 5.08 6.82
120 3.90 2.22 2.22 1.19 1.60 3.09 4.14
125 2.23 1.43 1.43 0.71 0.96 1.85 2.48
130 1.68 1.07 1.07 0.52 0.70 1.35 1.81
135 1.19 0.78 0.78 0.38 0.51 0.98 1.32
140 0.99 0.62 0.62 0.33 0.44 0.86 1.15
145 0.92 0.52 0.52 0.28 0.37 0.72 0.96
150 0.72 0.46 0.46 0.25 0.33 0.64 0.85
155 0.56 0.36 0.36 0.19 0.26 0.50 0.67
160 0.49 0.33 0.33 0.18 0.24 0.46 0.61
170 0.58 0.38 0.38 0.21 0.28 0.53 0.71
180 0.81 0.56 0.56 0.30 0.40 0.78 1.04
190 0.99 0.84 0.84 0.45 0.61 1.18 1.58
200 1.48 1.11 1.11 0.59 0.80 1.54 2.07
250 1.30 1.40 1.40 0.75 1.01 1.95 2.62
300 1.27 1.65 1.65 0.89 1.19 2.30 3.08
350 1.31 1.55 1.55 0.83 1.12 2.16 2.90
400 1.52 1.66 1.66 0.89 1.20 2.31 3.10
450 1.89 2.20 2.20 1.18 1.59 3.06 4.10
500 3.47 3.38 3.38 1.81 2.44 4.70 6.31
550 4.87 4.90 4.90 2.63 3.53 6.82 9.15
600 7.32 7.23 7.23 3.88 5.21 10.07 13.49
