110 5.83 4.89 4.89 2.63 3.53 6.81 9.13
115 4.36 2.95 2.95 1.58 2.13 4.11 5.51
120 3.13 1.78 1.78 0.95 1.28 2.47 3.32
125 1.78 1.16 1.16 0.62 0.84 1.61 2.16
130 1.53 0.86 0.86 0.46 0.62 1.20 1.61
135 1.04 0.71 0.71 0.38 0.51 0.99 1.33
140 1.01 0.53 0.53 0.28 0.38 0.74 0.99
145 0.76 0.44 0.44 0.23 0.32 0.61 0.82
150 0.71 0.38 0.38 0.21 0.28 0.53 0.71
155 0.51 0.30 0.30 0.16 0.22 0.42 0.56
160 0.43 0.26 0.26 0.14 0.19 0.37 0.49
170 0.45 0.27 0.27 0.15 0.20 0.38 0.51
180 0.43 0.32 0.32 0.17 0.23 0.45 0.60
190 0.57 0.41 0.41 0.22 0.30 0.57 0.77
200 0.91 0.51 0.51 0.27 0.37 0.71 0.95
250 0.94 0.87 0.87 0.47 0.63 1.21 1.62
300 1.01 0.98 0.98 0.52 0.70 1.36 1.82
350 0.77 0.82 0.82 0.44 0.59 1.14 1.53
400 0.86 1.05 1.05 0.56 0.76 1.46 1.96
450 1.08 1.38 1.38 0.74 0.99 1.92 2.57
500 1.30 1.75 1.75 0.94 1.26 2.44 3.27
550 2.02 2.57 2.57 1.38 1.85 3.58 4.80
600 4.73 3.36 3.36 1.81 2.42 4.68 6.28
