110 5.98 5.55 5.55 3.51 4.72 9.11 12.21
115 5.28 3.57 3.57 1.92 2.57 4.97 6.66
120 3.45 2.19 2.19 1.18 1.58 3.05 4.09
125 2.33 1.45 1.45 0.78 1.05 2.02 2.71
130 1.89 1.12 1.12 0.60 0.80 1.55 2.08
135 1.16 0.83 0.83 0.45 0.60 1.15 1.55
140 1.18 0.67 0.67 0.36 0.49 0.94 1.26
145 0.98 0.54 0.54 0.29 0.39 0.76 1.02
150 0.91 0.47 0.47 0.25 0.34 0.65 0.88
155 0.61 0.33 0.33 0.18 0.24 0.47 0.62
160 0.45 0.30 0.30 0.16 0.21 0.41 0.55
170 0.55 0.32 0.32 0.17 0.23 0.45 0.60
180 0.62 0.38 0.38 0.20 0.27 0.53 0.71
190 0.68 0.52 0.52 0.28 0.37 0.72 0.96
200 0.98 0.66 0.66 0.35 0.47 0.91 1.22
250 1.23 1.23 1.23 0.66 0.88 1.71 2.29
300 1.78 1.60 1.60 0.86 1.15 2.22 2.98
350 1.10 1.19 1.19 0.64 0.86 1.66 2.23
400 1.28 1.49 1.49 0.80 1.07 2.07 2.78
450 1.30 1.71 1.71 0.92 1.23 2.38 3.19
500 1.36 2.50 2.50 1.34 1.80 3.48 4.67
550 3.37 3.78 3.78 2.03 2.72 5.26 7.05
600 5.55 5.20 5.20 2.79 3.74 7.23 9.69
