110 15.73 6.37 6.37 3.42 4.59 8.86 11.88
115 8.45 3.52 3.52 1.89 2.53 4.89 6.56
120 5.23 2.11 2.11 1.13 1.52 2.94 3.94
125 3.37 1.42 1.42 0.76 1.02 1.97 2.65
130 2.35 1.00 1.00 0.54 0.72 1.39 1.87
135 1.83 0.77 0.77 0.42 0.56 1.08 1.44
140 1.41 0.61 0.61 0.33 0.44 0.86 1.15
145 1.21 0.53 0.53 0.29 0.38 0.74 0.99
150 0.63 0.39 0.39 0.21 0.28 0.55 0.73
155 0.48 0.32 0.32 0.17 0.23 0.45 0.60
160 0.31 0.25 0.25 0.13 0.18 0.35 0.47
170 0.29 0.25 0.25 0.14 0.18 0.35 0.48
180 0.36 0.33 0.33 0.18 0.24 0.46 0.61
190 0.55 0.48 0.48 0.25 0.34 0.66 0.89
200 0.68 0.57 0.57 0.31 0.41 0.80 1.07
