110    2.09401   2.02763	2.02763  1.08807    1.46074	   2.82133    3.78219
115    2.05695   1.98876	1.98876  1.06722    1.43274	   2.76725    3.70970
120    2.04575   2.00904	2.00904  1.07810    1.44735	   2.79547    3.74753
125    2.1262	 2.03708	2.03708  1.09314    1.46755	   2.83448    3.79983
130    2.21036   2.14751	2.14751  1.15241    1.54711	   2.98815    4.00582
135    2.43081   2.32837	2.32837  1.24946    1.67740	   3.23981    4.34319
140    2.51362   2.42438	2.42438  1.30098    1.74657	   3.37340    4.52228
150    2.813	 2.70177	2.70177  1.44984    1.94641	   3.75938    5.03971
160    2.86541   2.67561	2.67561  1.43579    1.92756	   3.72296    4.99090
170    3.92584   3.58343	3.58343  1.92295    2.58157	   4.98615    6.68429
180    4.80033   4.87245	4.87245  2.61467    3.51021	   6.77976    9.08874
190    8.90393   8.14457	8.14457  4.37057    5.86750	  11.33273   15.19232
200    12.314	12.47627       12.47627  6.69506    8.98814	  17.36006   23.27239
