110.0 12.6651059368 13.0085390115 13.0085390115 6.17067229028 8.72980160742 19.9150070215 27.341284159
115.0 9.76312683341 10.0298404376 10.0298404376 4.81018311878 6.77380281572 15.223459384  24.2314595589
120.0 6.53632637522 6.78165900516 6.78165900516 3.23119455574 4.56526749518 10.3333426177 15.4547052206
125.0 4.81296537744 5.03455994166 5.03455994166 2.39386982875 3.38349315376 7.69733962813 11.5469345635
130.0 4.75405015406 4.58356013724 4.58356013724 2.17508439747 3.07674114944 6.98043225113 10.42008737
135.0 4.06194011395 3.98261616051 3.98261616051 1.88763379324 2.67374932424 6.06173051956 9.04230254754
140.0 3.4391166441 3.55839567408 3.55839567408 1.68629181625 2.39105187651 5.42868563425 8.12886680186
150.0 2.44241908133 2.50666624005 2.50666624005 1.20487171997 1.68523113773 3.81635520989 5.70928288702
160.0 2.09558968382 2.22190296603 2.22190296603 1.05681459287 1.48525585091 3.39689474426 5.09930526239
170.0 1.97034577869 2.05402332369 2.05402332369 0.98874396588 1.38852640638 3.13633882198 4.69487918946
180.0 3.07533967745 2.95005053805 2.95005053805 1.39160620837 1.97509945006 4.51101774375 6.75739982289
190.0 4.01558806825 4.10404485952 4.10404485952 1.93620023433 2.74557378561 6.30092267173 9.49292940891
200.0 5.66088394889 5.77086234292 5.77086234292 2.69924921677 3.83941468524 8.9139485414 13.5251767752
