110   19.8821  23.14276       23.14276 12.41896   16.67247	 32.20191   43.16894   
115   12.9892  15.08816       15.08816  8.09667   10.86979	 20.99436   28.14443   
120   9.39136  10.89192       10.89192  5.84486    7.84674	 15.15552   20.31705   
125   7.09649	8.22002        8.22002  4.41106    5.92186	 11.43772   15.33307   
130   5.40659	6.25209        6.25209  3.35502    4.50412	  8.69945   11.66223   
135   4.6502	5.37146        5.37146  2.88245    3.86970	  7.47410   10.01956   
140   3.96322	4.57164        4.57164  2.45325    3.29349	  6.36119    8.52763   
150   3.35993	3.86935        3.86935  2.07639    2.78755	  5.38399    7.21763   
160   2.85986	3.31070        3.31070  1.77660    2.38509	  4.60667    6.17556   
170   3.41645	3.93879        3.93879  2.11365    2.83758	  5.48062    7.34716   
180   4.68501	5.41757        5.41757  2.90720    3.90292	  7.53825   10.10556   
190   7.25281	8.41125        8.41125  4.51367    6.05962	 11.70380   15.68977   
200   10.5265  12.22919       12.22919  6.56248    8.81014	 17.01626   22.81151
