110  6.87  5.26 5.26 2.82 3.79  7.32 9.81
115  4.68  2.71 2.71 1.46 1.95  3.77 5.06
120  3.48  1.67 1.67 0.90 1.20  2.32 3.11
125  1.96  1.09 1.09 0.58 0.78  1.51 2.03
130  1.33  0.78 0.78 0.42 0.56  1.08 1.45
135  1.12  0.62 0.62 0.33 0.45  0.86 1.15
140  0.82  0.44 0.44 0.24 0.32  0.62 0.83
150  0.64  0.29 0.29 0.15 0.21  0.40 0.54
160  0.24  0.18 0.18 0.10 0.13  0.25 0.33
170  0.34  0.19 0.19 0.10 0.14  0.26 0.35
180  0.41  0.25 0.25 0.13 0.18  0.35 0.47
190  0.63  0.34 0.34 0.18 0.25  0.48 0.64
200  0.97  0.55 0.55 0.23 0.32  0.63 0.94
250  1.28  0.71 0.71 0.38 0.51  0.98 1.32
300  0.93  0.88 0.88 0.47 0.63  1.22 1.64
350  0.58  0.79 0.79 0.42 0.57  1.10 1.47
400  0.62  0.90 0.90 0.48 0.65  1.25 1.67
450  0.81  1.14 1.14 0.61 0.82  1.59 2.13
500  1.06  1.57 1.57 0.84 1.13  2.19 2.93
550  1.77  1.99 1.99 1.07 1.44  2.78 3.72
600  2.28  2.69 2.69 1.44 1.94  3.74 5.02
