110   1.94029	2.25248        2.25248  1.20873    1.62272	  3.13420    4.20162
115   1.91485	2.22235        2.22235  1.19257    1.60103	  3.09229    4.14543
120   1.93835	2.25014        2.25014  1.20748    1.62104	  3.13095    4.19726
125   1.99789	2.30383        2.30383  1.23629    1.65972	  3.20566    4.29741
130   2.08625	2.40763        2.40763  1.29199    1.73450	  3.35008    4.49102
135   2.26679	2.61962        2.61962  1.40575    1.88722	  3.64506    4.88646
140   2.37848	2.75088        2.75088  1.47619    1.98178	  3.82770    5.13130
150   2.68919	3.11595        3.11595  1.67209    2.24479	  4.33568    5.81228
160   2.76377	3.20356        3.20356  1.71911    2.30791	  4.45758    5.97571
170   3.47034	4.00861        4.00861  2.15111    2.88787	  5.57776    7.47738
180   4.74312	5.49527        5.49527  2.94889    3.95889	  7.64637   10.25050
190   7.42406	8.62645        8.62645  4.62916    6.21466	 12.00325   16.09121
200   10.6239  12.36589       12.36589  6.63583    8.90862	 17.20647   23.06650
