110 11.54 6.24 6.24 3.35 4.49 8.68 11.64
115 6.03 3.34 3.34 1.79 2.41 4.65 6.23
120 2.99 3.10 3.10 1.66 2.23 4.31 5.77
130 2.04 0.94 0.94 0.50 0.68 1.30 1.75
135 1.44 0.77 0.77 0.41 0.55 1.07 1.43
140 1.04 0.61 0.61 0.33 0.44 0.85 1.14
150 0.86 0.40 0.40 0.22 0.29 0.56 0.75
160 0.50 0.25 0.25 0.13 0.18 0.35 0.47
170 0.46 0.27 0.27 0.14 0.19 0.37 0.50
180 0.50 0.34 0.34 0.18 0.24 0.47 0.63
190 0.87 0.50 0.50 0.27 0.36 0.70 0.94
200 1.02 0.62 0.62 0.34 0.45 0.87 1.16
250 1.10 1.07 1.07 0.57 0.77 1.49 1.99
300 1.35 1.49 1.49 0.80 1.07 2.07 2.77
350 1.15 1.30 1.30 0.70 0.94 1.81 2.43
400 1.73 1.39 1.39 0.75 1.00 1.94 2.59
450 1.62 1.75 1.75 0.94 1.26 2.43 3.26
500 4.33 3.42 3.42 1.84 2.46 4.76 6.38
550 4.51 3.52 3.52 1.89 2.54 4.90 6.57
600 7.53 7.36 7.36 3.95 5.30 10.24 13.72
