110 9.36 10.70 10.70 5.74 7.71 14.89 19.96
115 5.70 6.42 6.42 3.44 4.62 8.93 11.97
120 4.08 3.66 3.66 1.96 2.63 5.09 6.82
125 2.54 2.21 2.21 1.19 1.59 3.08 4.12
130 2.42 1.55 1.55 0.83 1.12 2.16 2.90
135 1.71 1.27 1.27 0.68 0.91 1.76 2.36
140 1.24 0.98 0.98 0.52 0.70 1.36 1.82
145 1.09 0.79 0.79 0.42 0.57 1.10 1.47
150 0.98 0.70 0.70 0.38 0.50 0.98 1.31
155 0.71 0.53 0.53 0.28 0.38 0.73 0.99
160 0.66 0.41 0.41 0.22 0.30 0.57 0.77
170 0.79 0.43 0.43 0.23 0.31 0.61 0.81
180 0.98 0.60 0.60 0.32 0.44 0.84 1.13
190 1.29 0.83 0.83 0.45 0.60 1.16 1.56
200 1.77 1.12 1.12 0.60 0.80 1.55 2.08
250 1.49 1.76 1.76 0.94 1.27 2.45 3.28
300 1.13 1.91 1.91 1.02 1.37 2.65 3.56
350 1.14 1.50 1.50 0.81 1.08 2.09 2.80
400 1.35 1.91 1.91 1.02 1.37 2.65 3.56
450 2.20 2.71 2.71 1.45 1.95 3.77 5.05
500 2.79 3.42 3.42 1.84 2.46 4.76 6.38
550 3.26 4.54 4.54 2.43 3.27 6.31 8.46
600 6.41 6.33 6.33 3.40 4.56 8.81 11.81
