110  0.84588  0.97053  0.97053  0.52128  0.69501  1.38446  1.90468
115  0.68980  0.79072  0.79072  0.42779  0.56814  1.12166  1.54759
120  0.59268  0.69282  0.69282  0.37482  0.49780  0.97726  1.34346
125  0.54625  0.60554  0.60554  0.32524  0.43364  0.85416  1.17423
130  0.48352  0.53441  0.53441  0.28704  0.38270  0.75382  1.03630
135  0.48198  0.48361  0.48361  0.26070  0.34690  0.68602  0.94652
140  0.47166  0.43375  0.43375  0.23128  0.30958  0.61529  0.84893
150  0.31253  0.32568  0.32568  0.17238  0.23107  0.46459  0.64326
160  0.21332  0.20813  0.20813  0.10976  0.14741  0.29856  0.41479
170  0.24249  0.20530  0.20530  0.10827  0.14541  0.29450  0.41174
180  0.37161  0.23256  0.23256  0.12309  0.16457  0.33360  0.46348
190  0.47394  0.26564  0.26564  0.14060  0.18847  0.38106  0.52941
200  0.50839  0.28945  0.28945  0.15320  0.20589  0.41521  0.57685
250  0.48139  0.32210  0.32210  0.16923  0.22834  0.46461  0.64762
300  0.19771  0.24289  0.24289  0.12761  0.17219  0.35036  0.48836
350  0.08964  0.16784  0.16784  0.08818  0.11868  0.24344  0.34041
400  0.05996  0.13085  0.13085  0.06874  0.09276  0.18874  0.26472
450  0.05781  0.11310  0.11310  0.05942  0.07976  0.16315  0.22882
500  0.06349  0.10149  0.10149  0.05293  0.07133  0.14721  0.20711
550  0.07565  0.08525  0.08525  0.04379  0.05950  0.12501  0.17797
600  0.08210  0.07517  0.07517  0.03773  0.05163  0.11203  0.16166
