110 8.36 8.36 5.45 2.92 3.92 7.58 10.16
115 4.75 4.75 3.08 1.65 2.22 4.29 5.75
120 2.99 2.99 1.75 0.94 1.26 2.43 3.26
125 2.15 2.15 1.19 0.64 0.85 1.65 2.21
130 1.49 1.49 0.84 0.45 0.61 1.17 1.57
135 1.12 1.12 0.65 0.35 0.47 0.90 1.21
140 0.89 0.89 0.50 0.27 0.36 0.69 0.93
145 0.64 0.64 0.40 0.21 0.29 0.56 0.74
150 0.46 0.46 0.34 0.18 0.24 0.47 0.63
155 0.32 0.32 0.26 0.14 0.19 0.37 0.49
160 0.24 0.24 0.22 0.12 0.16 0.30 0.40
170 0.24 0.24 0.23 0.12 0.16 0.32 0.42
180 0.31 0.31 0.28 0.15 0.20 0.39 0.52
190 0.38 0.38 0.37 0.20 0.27 0.52 0.70
200 0.45 0.45 0.47 0.25 0.34 0.65 0.87
