110  6.06  3.01 3.01 1.61 2.17 4.19  5.61
115  3.23  1.55 1.55 0.83 1.11 2.15  2.88
120  2.04  0.89 0.89 0.48 0.64 1.25  1.67
125  1.21  0.58 0.58 0.31 0.42 0.81  1.08
130  0.90  0.41 0.41 0.22 0.30 0.58  0.77
135  0.71  0.33 0.33 0.18 0.24 0.46  0.61
140  0.62  0.27 0.27 0.15 0.20 0.38  0.51
150  0.41  0.20 0.20 0.11 0.15 0.28  0.38
160  0.25  0.15 0.15 0.08 0.11 0.21  0.28
170  0.25  0.16 0.16 0.09 0.12 0.23  0.30
180  0.33  0.20 0.20 0.11 0.14 0.28  0.37
190  0.46  0.28 0.28 0.15 0.20 0.39  0.52
200  0.55  0.35 0.35 0.19 0.25 0.49  0.65
250  0.56  0.60 0.60 0.32 0.43 0.84  1.13
300  0.56  0.63 0.63 0.37 0.49 0.95  1.27
350  0.42  0.56 0.56 0.33 0.44 0.85  1.13
400  0.41  0.61 0.61 0.35 0.46 0.90  1.20
450  0.52  0.75 0.75 0.44 0.59 1.14  1.52
500  0.73  0.98 0.98 0.58 0.78 1.51  2.03
550  1.17  1.16 1.16 0.73 0.98 1.89  2.54
600  1.81  1.36 1.36 0.93 1.25 2.42  3.24
