110 11.04 5.67 5.67 3.05 4.09 7.90 10.58
115 7.79 3.33 3.33 1.79 2.40 4.63 6.21
120 4.91 1.87 1.87 1.01 1.35 2.61 3.49
125 3.35 1.22 1.22 0.65 0.88 1.69 2.27
130 2.32 0.87 0.87 0.47 0.63 1.22 1.63
135 1.81 0.68 0.68 0.36 0.49 0.94 1.27
140 1.39 0.51 0.51 0.27 0.37 0.71 0.95
145 0.99 0.41 0.41 0.22 0.30 0.57 0.77
150 0.68 0.34 0.34 0.18 0.25 0.48 0.64
155 0.43 0.27 0.27 0.14 0.19 0.37 0.50
160 0.27 0.22 0.22 0.12 0.16 0.31 0.41
170 0.26 0.23 0.23 0.12 0.17 0.32 0.43
180 0.33 0.28 0.28 0.15 0.20 0.40 0.53
190 0.43 0.38 0.38 0.21 0.28 0.53 0.71
200 0.50 0.48 0.48 0.26 0.34 0.66 0.89
