110 10.79 10.79 5.93 3.18 4.27 8.25 11.06
115 5.43 5.43 3.20 1.72 2.31 4.45 5.97
120 3.36 3.36 1.91 1.02 1.37 2.65 3.56
125 2.18 2.18 1.29 0.69 0.93 1.80 2.41
130 1.52 1.52 0.92 0.49 0.66 1.27 1.71
135 1.20 1.20 0.72 0.38 0.52 1.00 1.34
140 0.94 0.94 0.58 0.31 0.42 0.80 1.08
145 0.78 0.78 0.50 0.27 0.36 0.69 0.93
150 0.48 0.48 0.38 0.20 0.27 0.53 0.71
155 0.38 0.38 0.32 0.17 0.23 0.44 0.59
160 0.28 0.28 0.25 0.13 0.18 0.34 0.46
170 0.28 0.28 0.25 0.14 0.18 0.35 0.47
180 0.34 0.34 0.32 0.17 0.23 0.45 0.60
190 0.50 0.50 0.47 0.25 0.34 0.65 0.87
200 0.59 0.59 0.56 0.30 0.40 0.78 1.05
