110   5.67  3.66 3.66 1.96 2.63  5.09 6.82
115   3.85  1.86 1.86 1.00 1.34  2.59 3.47
120   2.52  1.13 1.13 0.61 0.81  1.57 2.11
125   1.52  0.77 0.77 0.42 0.56  1.08 1.44
130   1.04  0.55 0.55 0.29 0.40  0.76 1.03
135   0.81  0.42 0.42 0.22 0.30  0.58 0.78
140   0.60  0.32 0.32 0.17 0.23  0.44 0.59
150   0.40  0.22 0.22 0.12 0.16  0.30 0.41
160   0.21  0.15 0.15 0.08 0.11  0.20 0.27
170   0.26  0.16 0.16 0.08 0.11  0.22 0.29
180   0.25  0.19 0.19 0.10 0.14  0.27 0.36
190   0.38  0.27 0.27 0.14 0.19  0.37 0.50
200   0.64  0.35 0.35 0.19 0.25  0.48 0.65
250   0.69  0.60 0.60 0.32 0.43  0.83 1.12
300   0.70  0.67 0.67 0.36 0.48  0.93 1.25
350   0.45  0.60 0.60 0.32 0.43  0.83 1.11
400   0.55  0.65 0.65 0.35 0.47  0.91 1.21
450   0.64  0.85 0.85 0.45 0.61  1.18 1.58
500   0.75  1.14 1.14 0.61 0.82  1.59 2.13
550   1.18  1.52 1.52 0.81 1.09  2.11 2.83
600   1.46  2.11 2.11 1.13 1.52  2.94 3.95
