110.0 13.6307749687 13.7549906248 13.7549906248 6.45909335282 9.13242011177 19.3796814151 25.235252355
115.0 11.1606197171 9.65188597103 9.65188597103 4.47106054049 6.39535021387 14.9915773789 20.241455255
120.0 7.20737930588 6.75430516633 6.75430516633 3.18470508533 4.51460237503 10.4104488497 15.8158452284
125.0 5.3165720984 4.71503202679 4.71503202679 2.14414286557 3.09268056392 7.39760302551 11.431275957
130.0 5.06413316045 4.21061754913 4.21061754913 1.91439042725 2.76868472718 6.56842315293 10.0542878927
135.0 4.42555807449 3.83610242426 3.83610242426 1.78894288929 2.55327407246 5.92123358541 8.96660029656
140.0 3.79919961896 3.16217129215 3.16217129215 1.42091039591 2.05913964505 4.96387819251 7.62050172587
150.0 2.80838362253 2.13244508128 2.13244508128 0.941703958791 1.38255008006 3.37680069364 5.22679619555
160.0 2.62225152879 1.72523440797 1.72523440797 0.73280194911 1.08659646981 2.79314254966 4.40296983536
170.0 2.30208961015 1.80664046424 1.80664046424 0.812086407082 1.17594765207 2.85196211415 4.42923356774
180.0 3.44483007122 2.60807204421 2.60807204421 1.17441635182 1.69914381185 4.0983056424 6.32512804798
190.0 4.10574538313 4.1643009838 4.1643009838 2.00313484578 2.80631304027 6.38750314281 9.71600027418
200.0 6.1932757388 5.00148174012 5.00148174012 2.20934743044 3.23140749415 7.98195649572 12.572839922
