110 8.11 5.85 5.85 3.14 4.21 8.14 10.91
115 4.39 3.06 3.06 1.64 2.20 4.25 5.70
120 3.49 1.84 1.84 0.99 1.33 2.56 3.44
125 1.99 1.11 1.11 0.59 0.80 1.54 2.07
130 1.51 0.79 0.79 0.42 0.57 1.10 1.47
135 1.10 0.59 0.59 0.32 0.43 0.82 1.10
140 0.91 0.52 0.52 0.28 0.37 0.72 0.96
145 0.83 0.43 0.43 0.23 0.31 0.59 0.79
150 0.67 0.38 0.38 0.20 0.27 0.53 0.71
155 0.64 0.32 0.32 0.17 0.23 0.44 0.60
160 0.52 0.28 0.28 0.15 0.20 0.38 0.52
170 0.60 0.32 0.32 0.17 0.23 0.44 0.59
180 0.59 0.43 0.43 0.23 0.31 0.60 0.81
190 0.70 0.65 0.65 0.35 0.47 0.90 1.21
200 1.08 0.84 0.84 0.45 0.60 1.16 1.56
250 0.65 1.08 1.08 0.58 0.78 1.50 2.01
300 0.56 1.15 1.15 0.62 0.83 1.61 2.15
350 0.83 1.01 1.01 0.54 0.73 1.40 1.88
400 1.11 1.15 1.15 0.62 0.83 1.60 2.15
450 1.47 1.57 1.57 0.85 1.13 2.19 2.94
500 2.82 2.41 2.41 1.29 1.74 3.35 4.50
550 4.80 3.25 3.25 1.74 2.34 4.52 6.06
600 6.92 4.61 4.61 2.48 3.32 6.42 8.61
