110 8.55 5.23 5.23 2.81 3.77 7.28 9.77
115 5.91 2.95 2.95 1.58 2.12 4.10 5.50
120 3.43 1.72 1.72 0.92 1.24 2.39 3.20
125 2.39 1.15 1.15 0.62 0.83 1.61 2.15
130 1.84 0.82 0.82 0.44 0.59 1.14 1.53
135 1.38 0.65 0.65 0.35 0.47 0.91 1.22
140 1.07 0.49 0.49 0.26 0.35 0.68 0.91
145 0.82 0.39 0.39 0.21 0.28 0.55 0.73
150 0.56 0.33 0.33 0.18 0.23 0.45 0.61
155 0.41 0.26 0.26 0.14 0.19 0.36 0.49
160 0.28 0.22 0.22 0.12 0.16 0.30 0.40
170 0.27 0.23 0.23 0.12 0.16 0.32 0.42
180 0.33 0.28 0.28 0.15 0.20 0.39 0.52
190 0.41 0.37 0.37 0.20 0.27 0.51 0.69
200 0.49 0.46 0.46 0.25 0.33 0.64 0.86
