110 12.13 5.73 5.73 3.08 4.13 7.98 10.70
115 6.28 3.07 3.07 1.65 2.21 4.27 5.73
120 4.08 1.89 1.89 1.02 1.36 2.64 3.53
125 2.67 1.31 1.31 0.70 0.94 1.82 2.44
130 1.88 0.92 0.92 0.49 0.66 1.28 1.72
135 1.45 0.72 0.72 0.39 0.52 1.00 1.34
140 1.14 0.57 0.57 0.31 0.41 0.80 1.07
145 0.95 0.49 0.49 0.26 0.35 0.68 0.92
150 0.57 0.37 0.37 0.20 0.27 0.52 0.70
155 0.48 0.31 0.31 0.17 0.23 0.44 0.59
160 0.31 0.25 0.25 0.13 0.18 0.34 0.46
170 0.29 0.25 0.25 0.13 0.18 0.35 0.47
180 0.37 0.32 0.32 0.17 0.23 0.45 0.60
190 0.53 0.45 0.45 0.24 0.33 0.63 0.85
200 0.64 0.55 0.55 0.30 0.40 0.77 1.03
