110.0 5.5 2.84727059574 2.84727059574 1.3395029071 1.90764809114 5.23515297569 8.3007522228
115.0 3.38823394379 1.20916042663 1.20916042663 0.537149985501 0.788310208181 1.88076057506 2.84906181839
120.0 2.26522363298 0.894497638349 0.894497638349 0.456677006975 0.626876475443 1.28988244591 1.81237205008
125.0 1.4793960128 0.561153477243 0.561153477243 0.287047168234 0.39274360376 0.809986283014 1.13919800764
130.0 1.10967270524 0.40259924413 0.40259924413 0.194267184807 0.274754675141 0.590033596648 0.838030169859
135.0 1.11055894365 0.25247316297 0.25247316297 0.112357925723 0.165634964908 0.383609768032 0.558750624532
140.0 0.812967693807 0.196247088583 0.196247088583 0.0742907956728 0.12823456864 0.296118433391 0.427700235724
150.0 0.510035878512 0.135086222254 0.135086222254 0.0 0.0847662490244 0.197448463621 0.278315464634
160.0 0.198152969845  0.04 0.04 0.02 0.03 0.0745388251713 0.129019839981
170.0 0.282644518551 0.0905245184336 0.0905245184336 0.0 0.0 0.142914547538 0.201615981765
180.0 0.327795465637 0.114646732173 0.114646732173 0.0 0.0263543572872 0.164290024329 0.233488203888
190.0 0.407809826315 0.156977255389 0.156977255389 0.0211732144078 0.106969986084 0.234304748951 0.332492628703
200.0 0.578375792763 0.230435225237 0.230435225237 0.107775837755 0.154546162686 0.342301164279 0.491654294579
250.0 0.374860253647 0.498390432003 0.498390432003 0.256546525754 0.350418439175 0.717530686904 1.00615849511
300.0 0.355751562678 0.492532634381 0.492532634381 0.221763022393 0.325756478831 0.743958173035 1.08286666704
350.0 0.227615559442 0.327473354062 0.327473354062 0.119538084594 0.194348685828 0.541259428317 0.840437917449
400.0 0.224716378692 0.294578857546 0.294578857546 0.101354307453 0.171091533509 0.497404405453 0.782326866525
450.0 0.215189389111 0.301232008779 0.301232008779 0.102127143108 0.173651954605 0.512823824209 0.811106980068
500.0 0.308112102526 0.495223868278 0.495223868278 0.174651559644 0.28942631012 0.831279612781 1.30780091629
550.0 0.452330786165 0.54256526409 0.54256526409 0.19792333001 0.323326089057 0.893978703628 1.38635638335
600.0 0.509570971912 0.794750708026 0.794750708026 0.31798412614 0.496052827153 1.2600420195 1.89749681984
