110 42.88 25.82 25.82 13.86 18.60 35.93 48.16
115 27.32 16.50 16.50 8.85 11.88 22.95 30.77
120 15.63 8.14 8.14 4.37 5.87 11.33 15.19
125 9.37 5.08 5.08 2.73 3.66 7.08 9.49
130 6.29 3.00 3.00 1.61 2.16 4.18 5.60
135 4.04 2.75 2.75 1.48 1.98 3.83 5.13
140 2.12 1.91 1.91 1.02 1.37 2.65 3.56
150 1.14 1.08 1.08 0.58 0.78 1.51 2.02
160 0.87 0.76 0.76 0.41 0.55 1.06 1.42
170 1.09 0.92 0.92 0.50 0.67 1.29 1.72
180 1.23 1.21 1.21 0.65 0.87 1.68 2.25
190 1.29 1.34 1.34 0.72 0.96 1.86 2.49
200 1.11 1.46 1.46 0.78 1.05 2.04 2.73
250 5.07 2.89 2.89 1.55 2.08 4.02 5.39
300 6.31 3.33 3.33 1.79 2.40 4.63 6.21
350 6.47 3.10 3.10 1.66 2.24 4.32 5.79
400 6.54 4.25 4.25 2.28 3.06 5.92 7.94
450 4.94 4.71 4.71 2.53 3.39 6.56 8.79
500 4.86 6.26 6.26 3.36 4.51 8.71 11.68
550 9.33 7.50 7.50 4.03 5.41 10.44 14.00
600 13.88 10.87 10.87 5.83 7.83 15.12 20.27
