110  8.51  4.10 4.10 2.20 2.96 5.71  7.65 
115  4.38  2.16 2.16 1.16 1.55 3.00  4.02 
120  2.18  1.25 1.25 0.67 0.90 1.74  2.34 
125  1.60  0.86 0.86 0.46 0.62 1.20  1.61 
130  1.34  0.64 0.64 0.34 0.46 0.89  1.19 
135  0.97  0.48 0.48 0.26 0.34 0.66  0.89 
140  0.73  0.39 0.39 0.21 0.28 0.54  0.73 
150  0.56  0.26 0.26 0.14 0.19 0.36  0.49 
160  0.30  0.16 0.16 0.09 0.12 0.23  0.31 
170  0.27  0.17 0.17 0.09 0.12 0.23  0.31 
180  0.42  0.22 0.22 0.12 0.16 0.30  0.40 
190  0.56  0.33 0.33 0.18 0.24 0.45  0.61 
200  0.85  0.43 0.43 0.23 0.31 0.60  0.81 
250  1.11  0.82 0.82 0.44 0.59 1.13  1.52 
300  1.07  0.92 0.92 0.49 0.66 1.27  1.71 
350  0.73  0.85 0.85 0.46 0.61 1.18  1.58 
400  0.70  0.90 0.90 0.49 0.65 1.26  1.69 
450  0.69  1.00 1.00 0.53 0.72 1.39  1.86 
500  0.83  1.24 1.24 0.67 0.89 1.73  2.32 
550  1.08  1.47 1.47 0.79 1.06 2.04  2.74 
600  1.42  1.70 1.70 0.91 1.22 2.36  3.17
