110 8.18 5.26 5.26 2.82 3.79 7.31 9.80
115 4.82 2.75 2.75 1.48 1.98 3.83 5.13
120 2.71 2.66 2.66 1.43 1.91 3.70 4.95
130 1.36 0.75 0.75 0.40 0.54 1.05 1.40
135 1.11 0.62 0.62 0.33 0.45 0.86 1.15
140 0.92 0.48 0.48 0.26 0.35 0.67 0.90
150 0.63 0.34 0.34 0.18 0.24 0.47 0.63
160 0.41 0.22 0.22 0.12 0.16 0.30 0.41
170 0.44 0.24 0.24 0.13 0.17 0.33 0.44
180 0.51 0.29 0.29 0.15 0.21 0.40 0.54
190 0.74 0.42 0.42 0.23 0.31 0.59 0.79
200 0.99 0.54 0.54 0.29 0.39 0.75 1.01
250 0.73 0.87 0.87 0.47 0.63 1.21 1.63
300 1.13 1.04 1.04 0.56 0.75 1.44 1.93
350 0.49 0.86 0.86 0.46 0.62 1.19 1.60
400 0.96 1.03 1.03 0.55 0.74 1.44 1.92
450 1.12 1.32 1.32 0.71 0.95 1.84 2.46
500 2.05 2.30 2.30 1.23 1.66 3.20 4.29
550 3.04 2.51 2.51 1.35 1.81 3.49 4.68
600 5.80 4.66 4.66 2.50 3.36 6.48 8.69
