110  6.39  2.44  2.44 1.31 1.76 3.39  4.55
115  3.39  1.23  1.23 0.66 0.89 1.71  2.30
120  1.85  0.72  0.72 0.39 0.52 1.00  1.34
125  1.21  0.48  0.48 0.26 0.35 0.67  0.90
130  0.87  0.35  0.35 0.19 0.25 0.48  0.65
135  0.68  0.27  0.27 0.15 0.20 0.38  0.51
140  0.56  0.23  0.23 0.12 0.16 0.32  0.42
150  0.38  0.17  0.17 0.09 0.12 0.24  0.32
160  0.21  0.13  0.13 0.07 0.09 0.18  0.24
170  0.21  0.14  0.14 0.07 0.10 0.19  0.25
180  0.25  0.16  0.16 0.09 0.12 0.23  0.30
190  0.33  0.22  0.22 0.12 0.16 0.31  0.42
200  0.39  0.28  0.28 0.15 0.20 0.39  0.53
250  0.42  0.48  0.48 0.26 0.35 0.67  0.90
300  0.44  0.53  0.53 0.28 0.38 0.74  0.99
350  0.31  0.47  0.47 0.25 0.34 0.66  0.88
400  0.33  0.49  0.49 0.26 0.35 0.68  0.91
450  0.37  0.62  0.62 0.33 0.45 0.86  1.15
500  0.50  0.81  0.81 0.43 0.58 1.13  1.51
550  0.70  1.00  1.00 0.54 0.72 1.39  1.86
600  0.95  1.23  1.23 0.66 0.89 1.71  2.29
