110  1.16485  1.13870  1.13870  0.60716  0.81272  1.61529  2.22867
115  0.99094  0.94376  0.94376  0.51059  0.67810  1.33875  1.83516
120  0.69825  0.82166  0.82166  0.44293  0.58939  1.16556  1.59774
125  0.70961  0.76780  0.76780  0.41239  0.54983  1.08302  1.48886
130  0.78260  0.72062  0.72062  0.38987  0.51777  1.02222  1.40126
135  0.68213  0.66356  0.66356  0.35640  0.47519  0.93599  1.27828
140  0.59211  0.60493  0.60493  0.32491  0.43320  0.85329  1.17304
150  0.46989  0.41354  0.41354  0.22050  0.29515  0.58992  0.81679
160  0.30826  0.22986  0.22986  0.12167  0.16308  0.32790  0.45401
170  0.34461  0.21132  0.21132  0.11185  0.14954  0.30145  0.42005
180  0.47528  0.24948  0.24948  0.13205  0.17701  0.35788  0.49721
190  0.48718  0.30452  0.30452  0.16118  0.21549  0.43440  0.60146
200  0.62544  0.34610  0.34610  0.18319  0.24619  0.49371  0.68358
250  0.49207  0.38871  0.38871  0.20119  0.27224  0.56379  0.79320
300  0.33664  0.30121  0.30121  0.15708  0.21169  0.43448  0.60938
350  0.17862  0.22413  0.22413  0.11644  0.15725  0.32330  0.45624
400  0.12068  0.17522  0.17522  0.09103  0.12293  0.25414  0.35756
450  0.07068  0.12656  0.12656  0.06550  0.08864  0.18457  0.26045
500  0.05447  0.10214  0.10214  0.05247  0.07129  0.14977  0.21196
550  0.05161  0.07992  0.07992  0.04105  0.05578  0.11720  0.16684
600  0.04901  0.06156  0.06156  0.03138  0.04281  0.09076  0.12956
