110.0 4.55100760275 3.1638894614 3.1638894614 1.54959828964 2.18046218892 4.02313046607 5.38599804824
115.0 3.50438854234 1.36074536883 1.36074536883 0.584551844263 0.880543468001 2.09027040335 3.06887694666
120.0 2.52076973316 1.07490080788 1.07490080788 0.529040496862 0.739337345741 1.56604925213 2.20571597212
125.0 1.5231586771 0.66869801203 0.66869801203 0.327738460638 0.460090980424 0.977866599229 1.38746044818
130.0 0.938107847111 0.495745782876 0.495745782876 0.24858294005 0.345795726838 0.714374431952 1.00060742137
135.0 0.798529413432 0.350486963541 0.350486963541 0.168039736376 0.238623198657 0.515607167591 0.732961278388
140.0 0.510031111959 0.252652860673 0.252652860673 0.120976498862 0.172205761884 0.372281945833 0.528155010962
150.0 0.394783693794 0.176791323677 0.176791323677 0.0843284671468 0.12473937022 0.254647323486 0.35612806248
160.0 0.192512038686 0.100257245514 0.100257245514 0.042323 0.05241            0.14442065351 0.201386544277
170.0 0.201231939951 0.107108742388 0.107108742388 0.044244 0.0625105228164 0.152253068275 0.212437013188
180.0 0.256344343797 0.195772126136 0.195772126136 0.125274375105 0.1523665041 0.26251240471 0.350199887921
190.0 0.595094027005 0.275102996617 0.275102996617 0.165534891723 0.208602085017 0.377826264084 0.509575795725
200.0 0.588164218413 0.368532137983 0.368532137983 0.220237863571 0.277003022992 0.504433066685 0.682931155673
250.0 0.760512345417 0.72619528033 0.72619528033 0.444269770468 0.553577915541 0.983357754664 1.324127541
300.0 0.692952933415 0.704832995837 0.704832995837 0.394131481637 0.514111158665 0.990552183086 1.37167626946
350.0 0.44097139826 0.565095558379 0.565095558379 0.27090546946 0.383560271265 0.84322078642 1.22257179949
400.0 0.455004405992 0.527889267408 0.527889267408 0.22874156922 0.341749229416 0.816232813069 1.21564996967
450.0 0.494997454668 0.687670198821 0.687670198821 0.293154881802 0.441075750568 1.08198386871 1.64799561129
500.0 0.523529400443 0.966355392089 0.966355392089 0.417915383917 0.621989046812 1.52956683602 2.37336176007
550.0 0.965495177716 1.16204108083 1.16204108083 0.464444250088 0.71781797196 1.92246174363 3.11345470714
600.0 1.21700327572 1.90852437012 1.90852437012 1.01156312241 1.42522863413 2.45032256454 3.8329992709
