110.0 5.62245907858 3.546875 3.546875 1.86349487305 2.50133800507 5.11619234085 7.17575597763
115.0 3.80288563361 1.8515625 1.8515625 0.980026245117 1.31706571579 2.65602684021 3.71329903603
120.0 2.51797020359 1.09765625 1.09765625 0.572410583496 0.771429419518 1.57893979549 2.20416402817
125.0 1.52789909298 0.763671875 0.763671875 0.404209136963 0.543220102787 1.0893830061 1.49872159958
130.0 0.941439755632 0.537109375 0.537109375 0.282192230225 0.380773484707 0.770471930504 1.05694818497
135.0 0.799231013498 0.404296875 0.404296875 0.21399307251 0.287587106228 0.576732158661 0.798539876938
140.0 0.639927295554 0.2978515625 0.2978515625 0.158815383911 0.212583273649 0.424887210131 0.58453977108
150.0 0.494034558891 0.19189453125 0.19189453125 0.10156917572 0.135794013739 0.273738801479 0.379017114639
160.0 0.193788755248 0.09912109375 0.09912109375 0.0522708892822 0.07020573318 0.142977297306 0.198058381677
170.0 0.21033274513 0.11279296875 0.11279296875 0.0594806671143 0.0798892825842 0.161799103022 0.22479018569
180.0 0.251318988313 0.16259765625 0.16259765625 0.0860624313354 0.115660041571 0.230650380254 0.318235367537
190.0 0.375347685452 0.2412109375 0.2412109375 0.128614425659 0.172157615423 0.344089001417 0.473381370306
200.0 0.584882729801 0.3310546875 0.3310546875 0.175226211548 0.234879299998 0.469612509012 0.647938668728
250.0 0.719429344736 0.583984375 0.583984375 0.309101104736 0.413256108761 0.837713122368 1.15651988983
300.0 0.685389852257 0.638671875 0.638671875 0.338047027588 0.451955676079 0.911069631577 1.26146149635
350.0 0.435808837715 0.572265625 0.572265625 0.295074462891 0.400103926659 0.83458930254 1.1706469059
400.0 0.435244113659 0.607421875 0.607421875 0.316761016846 0.426894247532 0.876176118851 1.22130250931
450.0 0.465819497123 0.751953125 0.751953125 0.390663146973 0.527558207512 1.0936473608 1.54565680027
500.0 0.454241532419 0.91796875 0.91796875 0.471534729004 0.640691399574 1.3460791111 1.91630685329
550.0 0.839930220372 1.11328125 1.11328125 0.563163757324 0.771606683731 1.65910446644 2.42106938362
600.0 0.983802711357 1.40234375 1.40234375 0.698432922363 0.959649801254 2.1346077919 3.17450761795
