110 6.636458649 4.88845519304 4.88845519304 2.46103033987 3.39637327965 6.83959551217 8.44693462854
115 4.62351209159 2.10154100643 2.10154100643 0.947508607611 1.38978125533 3.18644069949 4.66957230305
120 3.47584286842 1.58728089624 1.58728089624 0.829091634507 1.1248068688 2.27785367222 3.20299096414
125 2.02827188038 0.923209104533 0.923209104533 0.451835095598 0.633930338766 1.35331170056 1.92890406442
130 1.32283340879 0.773616046296 0.773616046296 0.430040483429 0.563096290296 1.08587526988 1.49928269814
135 1.10475208595 0.510853852306 0.510853852306 0.251773252842 0.3508743267 0.750140087311 1.06724197898
140 0.827803823018 0.36983919999 0.36983919999 0.179908235844 0.253652802884 0.544483173911 0.777616739104
150 0.64658241482 0.268950327677 0.268950327677 0.153912555317 0.201336936059 0.3767413087 0.514818814834
160 0.280597461589 0.17431272729 0.17431272729 0.100850342602 0.140577990859 0.237069741875 0.321561529509
170 0.3445983104 0.157613393684 0.157613393684 0.0689977734784 0.125781638257 0.218883276442 0.311635601578
180 0.412535268467 0.237153783551 0.237153783551 0.140291934493 0.177154668709 0.327251411803 0.447809673348
190 0.629614357176 0.36377271711 0.36377271711 0.215997494236 0.272498845634 0.497132849862 0.675185578997
200 0.925144708414 0.40890605889 0.40890605889 0.216629842718 0.292932780841 0.581635160555 0.811451345859
250 1.27020490777 0.862894719924 0.862894719924 0.507974264317 0.643956365388 1.1922271153 1.63226252055
300 0.96346696741 0.964236913286 0.964236913286 0.543058442714 0.703378777979 1.35604959365 1.88491658528
350 0.482781987653 0.754136708164 0.754136708164 0.368549266385 0.513907660691 1.12784482695 1.64150160558
400 0.442323348241 0.701370056832 0.701370056832 0.295239245286 0.447520220297 1.10113153005 1.66010046123
450 0.622376074983 0.965977329682 0.965977329682 0.4214294846 0.625126877435 1.50867561286 2.2930805497
500 0.813239734431 1.34750400845 1.34750400845 0.58053288274 0.865420863497 2.14283918926 3.34160879889
550 1.60977659677 1.70984538588 1.70984538588 0.73027471747 1.08794964562 2.77950022725 4.48002284252
600 2.26865837671 2.98137661856 2.98137661856 1.45996798049 2.00615505478 4.72383761007 7.08720878754
