110 7.66388702549 4.71073230466 4.71073230466 2.27403832015 3.21318032136 6.74556778337 8.36279749003
115 4.34572439285 2.67854968279 2.67854968279 1.34954650307 1.86485869785 3.9030237664 5.56173363778
120 3.12188538476 1.60662749099 1.60662749099 0.834893292401 1.13440299046 2.31453623913 3.2694514798
125 1.88146081682 1.08111081017 1.08111081017 0.566186171276 0.765826400283 1.55112974605 2.18223732293
130 1.35889224177 0.779638813114 0.779638813114 0.418692560516 0.558786534018 1.10780374683 1.54915802929
135 0.966025228648 0.617643275166 0.617643275166 0.333693890678 0.444693883351 0.873491885691 1.22003666475
140 0.733536691524 0.493316691264 0.493316691264 0.268727400526 0.355688311434 0.695385388013 0.9725089554
150 0.662072070341 0.335470568244 0.335470568244 0.199852111016 0.253393967035 0.468922359559 0.646236542388
160 0.391650900971 0.190441974247 0.190441974247 0.101855883276 0.143332568734 0.261923628146 0.359796248887
170 0.41319382601 0.187226331031 0.187226331031 0.088653010177 0.139516720556 0.262134945053 0.366052610504
180 0.510229886048 0.266322503034 0.266322503034 0.151778846652 0.198132370742 0.374581813911 0.515459790682
190 0.791076199345 0.371664166893 0.371664166893 0.194315063474 0.261904471905 0.535385815661 0.75402487846
200 1.0112668728 0.45236600414 0.45236600414 0.229008215044 0.317619411609 0.660331351798 0.934122141733
250 2.1749047952 0.901906504471 0.901906504471 0.430769678442 0.611041037823 1.34520858014 1.94919914813
300 1.89609882789 1.1420545515 1.1420545515 0.579730540642 0.796076915878 1.67119108542 2.39460953258
350 1.29558140199 1.07947925716 1.07947925716 0.546758761515 0.74842305189 1.59079480523 2.30471526353
400 1.23382283626 1.19075630177 1.19075630177 0.57518775244 0.808810331015 1.78927262977 2.63624107861
450 1.11417792621 1.30603337234 1.30603337234 0.565261511227 0.842132990952 2.05557238077 3.15219462544
500 1.18839336599 1.59516759701 1.59516759701 0.6333254092 0.984613924419 2.62299281 4.1981979143
550 1.69388491352 2.3226325859 2.3226325859 0.97638672606 1.4657218889 3.80117646666 6.15486275094
600 2.33151684699 3.40817869575 3.40817869575 1.45096808542 2.15168956965 5.67269000624 7.93267381693
