110.0 4.34078531008 3.42164125055 3.42164125055 1.73054626846 2.42970964557 4.29756509635 6.04719401268
115.0 3.59024844086 1.43122190542 1.43122190542 0.610579393451 0.922383683652 2.20844112251 3.21888985698
120.0 2.34315655675 1.1068068274 1.1068068274 0.522119381259 0.743650475826 1.64634893224 2.34850248263
125.0 1.49099244223 0.700831374661 0.700831374661 0.337684092394 0.47818863378 1.03230893881 1.47395914065
130.0 0.879550421114 0.505255636408 0.505255636408 0.241388946236 0.344657444469 0.741114163245 1.05037512289
135.0 0.773015810183 0.360691180138 0.360691180138 0.16995363099 0.243183893412 0.535824656386 0.767020356643
140.0 0.534836923671 0.262628324289 0.262628324289 0.123518070826 0.177548176114 0.388541880454 0.555963395002
150.0 0.357321481753 0.168413608184 0.168413608184 0.0443655827223 0.114514605846 0.24875279757 0.357544786111
160.0 0.179027323669 0.0878953904577 0.0878953904577 0.051323 0.08141 0.14059259128 0.1988150015
170.0 0.229660907419 0.106624894778 0.106624894778 0.061244 0.09134.155300643328 0.220289130544
180.0 0.213817734045 0.190085193744 0.190085193744 0.112496174021 0.143050282051 0.264878566253 0.360565297172
190.0 0.333624436128 0.279599512182 0.279599512182 0.155587465154 0.204798439116 0.391657885799 0.538781235926
200.0 0.474528123409 0.379276021701 0.379276021701 0.210814344314 0.274960592668 0.532227732898 0.733824644762
250.0 0.702579193481 0.704819000446 0.704819000446 0.405394302429 0.521347209465 0.978198671484 1.34224218037
300.0 0.782445262999 0.673441402547 0.673441402547 0.339826474741 0.469162509455 0.979212842352 1.38930319544
350.0 0.529226653549 0.584231871589 0.584231871589 0.266782749452 0.387331009356 0.885832825116 1.29950287988
400.0 0.593164909694 0.574163310333 0.574163310333 0.250378036098 0.373505229264 0.88520978532 1.31673554881
450.0 0.65206157807 0.747995710118 0.747995710118 0.319336931665 0.479553004813 1.17630115203 1.79152670964
500.0 0.638589005255 1.00668255796 1.00668255796 0.427187523469 0.642497296649 1.60549428068 2.50387886484
550.0 1.12595840156 1.20641458777 1.20641458777 0.470931515191 0.737180586479 2.01409611901 3.24469222742
600.0 1.34424301747 2.08290202296 2.08290202296 0.896617349531 1.32438170853 3.34419651867 4.35729925288
