110  1.09   1.3090000  0.89   0.46   0.62   1.29   1.81
125  0.85   0.9095000  0.67   0.35   0.47   0.97   1.35
150  0.57   0.5279000  0.46   0.24   0.32   0.66   0.93
200  0.31   0.2054000  0.25   0.13   0.17   0.37   0.52
300  0.17   0.0413200  0.13   0.07   0.09   0.19   0.27
400  0.15   0.0127300  0.12   0.06   0.08   0.17   0.25
500  0.20   0.0052560  0.15   0.08   0.11   0.23   0.32
600  0.26   0.0025440  0.19   0.10   0.13   0.29   0.41
800  0.40   0.0007842  0.32   0.16   0.22   0.46   0.66
1000 0.60   0.0002977  0.47   0.24   0.32   0.68   0.96
