120.00  0.403900 0.396500   0.396500  0.216800  0.288400    0.552900  0.739100
120.50  0.408200 0.400400   0.400400  0.219700  0.291700    0.558400  0.751500
121.00  0.412400 0.408200   0.408200  0.222400  0.293600    0.566000  0.758600
121.50  0.418200 0.412100   0.412100  0.224600  0.296400    0.571400  0.765800
122.00  0.422300 0.416000   0.416000  0.226700  0.302100    0.580200  0.775500
122.50  0.427000 0.419900   0.419900  0.228800  0.305000    0.585600  0.782800
123.00  0.430800 0.423800   0.423800  0.232600  0.308800    0.591100  0.795500
123.50  0.436600 0.431600   0.431600  0.235200  0.310400    0.598500  0.802100
124.00  0.441700 0.435500   0.435500  0.237300  0.313200    0.607400  0.811900
124.10  0.441400 0.435500   0.435500  0.237300  0.316300    0.607400  0.811900
124.20  0.442800 0.435500   0.435500  0.238200  0.316800    0.607400  0.817500
124.30  0.444400 0.439500   0.439500  0.239500  0.316000    0.609400  0.816700
124.40  0.445500 0.439500   0.439500  0.239500  0.317600    0.612900  0.819200
124.50  0.446500 0.439500   0.439500  0.239500  0.319100    0.612900  0.819200
124.60  0.447500 0.439500   0.439500  0.241200  0.320200    0.612900  0.824800
124.70  0.447700 0.443400   0.443400  0.241600  0.318800    0.614800  0.823900
124.80  0.448500 0.443400   0.443400  0.241600  0.318800    0.618300  0.826400
124.90  0.449800 0.443400   0.443400  0.241600  0.322000    0.618300  0.826400
125.00  0.451500 0.443400   0.443400  0.243300  0.323000    0.618300  0.832100
125.09  0.451500 0.447300   0.447300  0.243700  0.321600    0.620200  0.831200
125.10  0.451700 0.447300   0.447300  0.243700  0.321600    0.620200  0.831200
125.20  0.453500 0.447300   0.447300  0.243700  0.323200    0.623800  0.833700
125.30  0.454300 0.447300   0.447300  0.243700  0.324800    0.623800  0.833700
125.40  0.455200 0.447300   0.447300  0.244600  0.325300    0.623800  0.839500
125.50  0.456000 0.451200   0.451200  0.245900  0.324500    0.625600  0.838400
125.60  0.456700 0.451200   0.451200  0.245900  0.324500    0.625600  0.838400
125.70  0.458200 0.451200   0.451200  0.245900  0.327700    0.629200  0.841000
125.80  0.458000 0.451200   0.451200  0.245900  0.327700    0.629200  0.846800
125.90  0.459200 0.455100   0.455100  0.247100  0.326700    0.631000  0.845700
126.00  0.460500 0.455100   0.455100  0.248000  0.327300    0.632800  0.847000
126.50  0.465700 0.459000   0.459000  0.250100  0.333300    0.640100  0.855600
127.00  0.471200 0.466800   0.466800  0.253500  0.335100    0.647300  0.867500
127.50  0.475400 0.470700   0.470700  0.256500  0.338500    0.656500  0.877400
128.00  0.480700 0.474600   0.474600  0.258600  0.344700    0.661900  0.884700
128.50  0.485700 0.482400   0.482400  0.261900  0.346300    0.668900  0.896500
129.00  0.490600 0.486300   0.486300  0.265000  0.349700    0.678200  0.906500
129.50  0.497300 0.490200   0.490200  0.267100  0.356000    0.683700  0.920100
130.00  0.502200 0.494100   0.494100  0.270200  0.359400    0.689100  0.927500
