110.0 7.36875752901 6.53125 6.53125 3.22735595703 4.45341014862 9.83754825592 14.4966907501
115.0 5.63498742754 5.234375 5.234375 2.56607055664 3.55626153946 7.88415908813 11.5554046631
120.0 4.65312833222 4.203125 4.203125 2.06051635742 2.85562515259 6.33086204529 9.30401325226
125.0 3.28594552494 3.0234375 3.0234375 1.4585723877 2.03928399086 4.61424207687 6.81459188461
130.0 2.78766201538 2.734375 2.734375 1.34048461914 1.85774862766 4.14038944244 6.08085441589
135.0 2.16850493046 1.9453125 1.9453125 0.938461303711 1.31209754944 2.97660756111 4.38861083984
140.0 2.09318670961 1.8828125 1.8828125 0.915664672852 1.26701140404 2.85095381737 4.20955896378
150.0 1.57169881944 1.41796875 1.41796875 0.689598083496 0.959891915321 2.14708757401 3.13644528389
160.0 1.37346233744 1.23828125 1.23828125 0.582862854004 0.826084494591 1.91449165344 2.83273172379
170.0 1.42211699889 1.26171875 1.26171875 0.608680725098 0.851019024849 1.92055249214 2.8412027359
180.0 1.88022090703 1.6796875 1.6796875 0.810317993164 1.13293552399 2.55007743835 3.73896503448
190.0 2.72229971464 2.5078125 2.5078125 1.21961975098 1.69765996933 3.81732106209 5.64722013474
200.0 3.37591269025 2.953125 2.953125 1.43041992188 1.99548625946 4.49516296387 6.6149597168
