110.0 4.84601046875 4.453125 4.453125 2.28744506836 3.10803461075 6.56541633606 9.37212085724
115.0 2.24446923184 2.3515625 2.3515625 1.19874572754 1.63555526733 3.44825363159 4.93793296814
120.0 1.25967565415 1.43359375 1.43359375 0.733596801758 0.998830020428 2.10217452049 3.01033473015
125.0 0.846477959465 0.97265625 0.97265625 0.499626159668 0.678860187531 1.42627108097 2.03046989441
130.0 0.543364694049 0.654296875 0.654296875 0.336093902588 0.455420017242 0.95422321558 1.35463106632
135.0 0.402547326715 0.505859375 0.505859375 0.259845733643 0.353061854839 0.739759147167 1.0485483408
140.0 0.296459841641 0.404296875 0.404296875 0.207675933838 0.280640721321 0.58640140295 0.830040514469
150.0 0.237484524942 0.2841796875 0.2841796875 0.147640228271 0.199375882745 0.414446204901 0.581328094006
160.0 0.15824904804 0.16845703125 0.16845703125 0.0878477096558 0.118391081691 0.244333922863 0.343757092953
170.0 0.159333790784 0.18017578125 0.18017578125 0.0939588546753 0.127300560474 0.26133108139 0.365431934595
180.0 0.185861206133 0.2451171875 0.2451171875 0.128782272339 0.173316732049 0.353569477797 0.492840737104
190.0 0.290487385488 0.3662109375 0.3662109375 0.192403793335 0.258260399103 0.525321781635 0.729838311672
200.0 0.515903109202 0.533203125 0.533203125 0.282222747803 0.379281580448 0.764868497849 1.06264448166
250.0 1.25655805224 1.01171875 1.01171875 0.535499572754 0.719662427902 1.44322347641 1.99827849865
300.0 1.89353076482 1.08984375 1.08984375 0.572593688965 0.772624015808 1.57204592228 2.19127583504
350.0 1.1173344241 0.88671875 0.88671875 0.462409973145 0.626498103142 1.28611707687 1.80945765972
400.0 1.19084835616 0.98828125 0.98828125 0.51537322998 0.694561004639 1.42554700375 1.99941217899
450.0 1.08507017144 1.18359375 1.18359375 0.612602233887 0.828954458237 1.73558282852 2.45625376701
500.0 1.65112569794 1.43359375 1.43359375 0.725196838379 0.988078474998 2.12503194809 3.07636237144
550.0 2.51702258388 1.7734375 1.7734375 0.876327514648 1.20573508739 2.67120027542 3.95756459236
600.0 2.13301230101 2.1328125 2.1328125 1.01225280762 1.41933107376 3.33152151108 5.17959737778
