110.0 3.1218340216 4.140625 4.140625 2.12692260742 2.8899269104 6.03866672516 8.57259082794
115.0 1.51237780372 2.0234375 2.0234375 1.03938293457 1.41224741936 2.95903658867 4.19419336319
120.0 0.876594330071 1.27734375 1.27734375 0.656135559082 0.891515254974 1.87305474281 2.65080833435
125.0 0.651868182219 0.84765625 0.84765625 0.435417175293 0.591617107391 1.23621761799 1.74447536469
130.0 0.532158652052 0.607421875 0.607421875 0.314388275146 0.42542052269 0.885860979557 1.25007331371
135.0 0.435426061894 0.458984375 0.458984375 0.237560272217 0.321459233761 0.669380486012 0.944589197636
140.0 0.334721812582 0.3740234375 0.3740234375 0.193586349487 0.261955082417 0.54249215126 0.763240396976
150.0 0.346481578839 0.2255859375 0.2255859375 0.118520736694 0.159088402987 0.323598206043 0.452411442995
160.0 0.185806247772 0.11181640625 0.11181640625 0.0589656829834 0.0791976004839 0.161289662123 0.224821776152
170.0 0.179724822887 0.11669921875 0.11669921875 0.0615406036377 0.0826560109854 0.168332874775 0.234639316797
180.0 0.295932114655 0.17138671875 0.17138671875 0.091383934021 0.12201000005 0.245167434216 0.341118663549
190.0 0.458465562587 0.2958984375 0.2958984375 0.157773971558 0.211189299822 0.422101080418 0.580706715584
200.0 0.684146459224 0.412109375 0.412109375 0.221347808838 0.295118868351 0.587876737118 0.808773040771
250.0 1.25314513915 0.94140625 0.94140625 0.494606018066 0.66390144825 1.35042715073 1.87617087364
300.0 1.0811758179 0.98828125 0.98828125 0.517303466797 0.695759892464 1.42554700375 1.98707103729
350.0 0.705518262849 0.83203125 0.83203125 0.433891296387 0.584748983383 1.20679712296 1.69786119461
400.0 0.660105834754 0.86328125 0.86328125 0.453559875488 0.610406339169 1.25212287903 1.75090420246
450.0 0.563546924171 0.90234375 0.90234375 0.470558166504 0.634164452553 1.30877995491 1.85255420208
500.0 0.620727624606 1.09765625 1.09765625 0.563835144043 0.76610326767 1.60956692696 2.30491566658
550.0 0.797573889511 1.33203125 1.33203125 0.679023742676 0.921350717545 1.99572300911 2.91877293587
600.0 1.14761838826 1.53515625 1.53515625 0.758583068848 1.04069757462 2.36124801636 3.60483169556
