110.0 3.81242282748 4.359375 4.359375 2.23928833008 3.02603912354 6.35769033432 9.02548217773
115.0 1.89459889661 2.1171875 2.1171875 1.08753967285 1.47767972946 3.10457396507 4.39369487762
120.0 1.02337846284 1.32421875 1.32421875 0.680213928223 0.924231410027 1.94179069996 2.74808573723
125.0 0.737572659121 0.87890625 0.87890625 0.451469421387 0.610088586807 1.27828907967 1.80661189556
130.0 0.620045620647 0.638671875 0.638671875 0.329315185547 0.44653236866 0.926344275475 1.31122350693
135.0 0.503185144487 0.482421875 0.482421875 0.249691009521 0.337874174118 0.703561604023 0.99282348156
140.0 0.415325856627 0.392578125 0.392578125 0.203189849854 0.275690048933 0.572533965111 0.807925224304
150.0 0.385464004716 0.2314453125 0.2314453125 0.121599197388 0.164078742266 0.33384847641 0.468241810799
160.0 0.203320061125 0.11572265625 0.11572265625 0.0601215362549 0.081406340003 0.166001677513 0.232081189752
170.0 0.20832348489 0.12255859375 0.12255859375 0.0646305084229 0.0868061035872 0.17580768466 0.245790630579
180.0 0.367924330784 0.18115234375 0.18115234375 0.0962371826172 0.129075467587 0.258415013552 0.360084593296
190.0 0.660841780595 0.3193359375 0.3193359375 0.1702709198 0.227917164564 0.452989041805 0.629050135612
200.0 0.881464794239 0.435546875 0.435546875 0.233936309814 0.311902880669 0.621310472488 0.860262751579
250.0 1.47102507565 0.984375 0.984375 0.517181396484 0.694203972816 1.41991245747 1.97921693325
300.0 1.13058688728 1.02734375 1.02734375 0.539756774902 0.724506497383 1.48189282417 2.07844042778
350.0 0.714015891112 0.87109375 0.87109375 0.454261779785 0.612202048302 1.26345431805 1.77757298946
400.0 0.656864216107 0.91015625 0.91015625 0.474632263184 0.641356289387 1.31285560131 1.84135591984
450.0 0.592431145729 0.95703125 0.95703125 0.495338439941 0.670276761055 1.38810002804 1.9529389143
500.0 0.673476622933 1.16796875 1.16796875 0.604515075684 0.818011164665 1.71267080307 2.45256137848
550.0 0.823830889022 1.43359375 1.43359375 0.725196838379 0.988078474998 2.1364607811 3.11765766144
600.0 1.1740985796 1.6171875 1.6171875 0.799118041992 1.09630727768 2.50031399727 3.80339884758
