110.0 1.96807363972 2.6171875 2.6171875 1.33415222168 1.820302248 3.83775734901 5.43132019043
115.0 0.97846362348 1.36328125 1.36328125 0.694953918457 0.942965984344 1.99907064438 2.84591960907
120.0 0.544057540906 0.84765625 0.84765625 0.432106018066 0.589560627937 1.25649034977 1.77770888805
125.0 0.371436666636 0.552734375 0.552734375 0.278526306152 0.382425457239 0.81491792202 1.15652930737
130.0 0.289670484442 0.3818359375 0.3818359375 0.193155288696 0.264647573233 0.562955677509 0.798945188522
135.0 0.262104190456 0.2900390625 0.2900390625 0.146718978882 0.201023846865 0.427615940571 0.603321790695
140.0 0.236323696519 0.23046875 0.23046875 0.115684509277 0.159176975489 0.337951779366 0.478280425072
150.0 0.1841357201904 0.14892578125 0.14892578125 0.0753355026245 0.10321931541 0.217192605138 0.304647862911
160.0 0.113063402809 0.08251953125 0.08251953125 0.0428714752197 0.0580492466688 0.120346069336 0.167784705758
170.0 0.149679365386 0.09130859375 0.09130859375 0.0474376678467 0.0638892650604 0.130980223417 0.181973010302
180.0 0.206746977568 0.12744140625 0.12744140625 0.0662097930908 0.0896500200033 0.181795999408 0.25171366334
190.0 0.315589875895 0.2041015625 0.2041015625 0.106435775757 0.143823459744 0.28952512145 0.396879762411
200.0 0.393445657728 0.271484375 0.271484375 0.143695831299 0.193114057183 0.385109961033 0.527907013893
250.0 0.697230128255 0.478515625 0.478515625 0.258884429932 0.343819916248 0.674976170063 0.915716290474
300.0 0.528868428166 0.482421875 0.482421875 0.257228851318 0.344315230846 0.688178002834 0.946762740612
350.0 0.324480012269 0.396484375 0.396484375 0.209857940674 0.280571877956 0.565587580204 0.783109128475
400.0 0.28523510559 0.423828125 0.423828125 0.2243309021 0.301480233669 0.604593634605 0.837116718292
450.0 0.304244517235 0.513671875 0.513671875 0.271884918213 0.365388453007 0.736851334572 1.0237197876
500.0 0.333579314822 0.654296875 0.654296875 0.343761444092 0.461425244808 0.946399092674 1.33353233337
550.0 0.602164652421 0.80859375 0.80859375 0.418510437012 0.564791679382 1.18569517136 1.70787346363
600.0 0.732240454467 0.93359375 0.93359375 0.468620300293 0.639352738857 1.40620458126 2.10577368736
