110 60.6489  95.2500   95.2500  29.1145 48.3610   191.6863  288.8761
115 83.4444  98.2500   98.2500  30.2234 48.1601   197.7237  297.9745
120 36.4895  36.1250   36.1250  11.1127 18.0985    72.6999  109.5606
125 27.7773  15.4375   15.4375   7.4775 10.3692    23.7447  35.9783
130 25.7578  22.9062   22.9062   8.4333 13.1257    42.4456  69.4420
135  9.5817   9.7188	9.7188   3.8154  5.7524    18.0090  29.4631
140 10.1235  11.5312   11.5312   3.7950  5.9557    23.2061  34.9722
150  9.3689   7.2188	7.2188   2.5378  3.9823    14.5274  21.8932
160  5.2211   5.5938	5.5938   2.2834  3.3567    10.6329  16.9600
170  7.1665   7.5312	7.5312   2.8242  4.3319    14.4358  22.8353
180  9.8012  10.0312   10.0312   3.8205  5.7856    20.0275  30.4217
190 25.3838  12.4688   12.4688   4.7123  7.1665    24.4964  37.8108
200 18.7591  15.9062   15.9062   5.7163  8.9007    31.5034  48.2368
