110.0 4.2286355966 6.59375 6.59375 3.36126708984 4.57344818115 9.66885757446 13.8458986282
115.0 1.96068907072 3.171875 3.171875 1.6169128418 2.20609760284 4.67641925812 6.67558050156
120.0 1.19780937259 1.9453125 1.9453125 0.991653442383 1.34927558899 2.83703398705 4.0515499115
125.0 0.922987572147 1.30859375 1.30859375 0.672187805176 0.913326025009 1.90844643116 2.70926213264
130.0 0.657507935445 0.86328125 0.86328125 0.446815490723 0.604616999626 1.25900495052 1.78730428219
135.0 0.527334428488 0.666015625 0.666015625 0.344715118408 0.466457903385 0.97131383419 1.37065923214
140.0 0.359496783727 0.533203125 0.533203125 0.275974273682 0.373439908028 0.777620732784 1.09733128548
150.0 0.362401315985 0.3701171875 0.3701171875 0.1930103302 0.2601172328 0.536826431751 0.755269229412
160.0 0.200807029254 0.1962890625 0.1962890625 0.101594924927 0.137475132942 0.284702152014 0.402990698814
170.0 0.182994136486 0.203125 0.203125 0.105133056641 0.142262816429 0.296236455441 0.420542180538
180.0 0.239565998745 0.2822265625 0.2822265625 0.148279190063 0.199032694101 0.409347862005 0.575917720795
190.0 0.280171448701 0.427734375 0.427734375 0.226398468018 0.303472369909 0.616985797882 0.865358293056
200.0 0.47018114322 0.626953125 0.626953125 0.329395294189 0.443304151297 0.899350881577 1.25735127926
250.0 1.06626213246 1.30859375 1.30859375 0.677299499512 0.916500806808 1.90844643116 2.69308400154
300.0 1.36139301856 1.42578125 1.42578125 0.737953186035 0.998575568199 2.07935214043 2.95188260078
350.0 1.17956762567 1.23046875 1.23046875 0.632057189941 0.858799099922 1.80431878567 2.56866669655
400.0 1.27736738209 1.32421875 1.32421875 0.682800292969 0.925837755203 1.94179069996 2.76437449455
450.0 1.16511019502 1.54296875 1.54296875 0.786552429199 1.0702085495 2.26255846024 3.24000597
500.0 1.33826296627 1.8828125 1.8828125 0.952438354492 1.30496287346 2.82093381882 4.10296487808
550.0 1.96583743903 2.3515625 2.3515625 1.17118835449 1.60921788216 3.57948160172 5.32326889038
600.0 2.72091256552 2.9609375 2.9609375 1.42842102051 1.97318267822 4.62507915497 7.19072341919
