110.0 2.91834882306 4.078125 4.078125 2.11074829102 2.85619974136 5.94751691818 8.44319343567
115.0 2.01482166901 2.1484375 2.1484375 1.10359191895 1.4994904995 3.11614274979 4.41084337234
120.0 1.22142574852 1.37109375 1.37109375 0.704292297363 0.956947565079 2.0105266571 2.82849788666
125.0 0.621883249765 0.91015625 0.91015625 0.471076965332 0.637446880341 1.32011139393 1.84597587585
130.0 0.441251808145 0.630859375 0.630859375 0.328983306885 0.44336605072 0.909983575344 1.26842677593
135.0 0.335180743177 0.486328125 0.486328125 0.249813079834 0.340353995562 0.701504349709 0.983900487423
140.0 0.279389434298 0.3623046875 0.3623046875 0.187520980835 0.253747612238 0.525494992733 0.734825134277
150.0 0.298178185227 0.2216796875 0.2216796875 0.115602493286 0.155795812607 0.319762021303 0.445716530085
160.0 0.12510073333 0.11376953125 0.11376953125 0.0591068267822 0.0800323933363 0.164106950164 0.23016948998
170.0 0.196567919935 0.12451171875 0.12451171875 0.0656604766846 0.0881894677877 0.178609400988 0.248145014048
180.0 0.178485360605 0.17041015625 0.17041015625 0.0901975631714 0.121217280626 0.244449734688 0.33747947216
190.0 0.281649934872 0.2587890625 0.2587890625 0.136976242065 0.183131873608 0.367101222277 0.506500720978
200.0 0.532467987442 0.3505859375 0.3505859375 0.185564041138 0.248736485839 0.500113129616 0.688032031059
250.0 0.776307334213 0.615234375 0.615234375 0.32564163208 0.43763256073 0.872731208801 1.20413386822
300.0 0.963170179522 0.662109375 0.662109375 0.355625152588 0.474148333073 0.939225018024 1.28748548031
350.0 0.431674311826 0.599609375 0.599609375 0.312686920166 0.421403646469 0.864906966686 1.21308207512
400.0 0.394722467721 0.654296875 0.654296875 0.342483520508 0.460631549358 0.938574910164 1.31218898296
450.0 0.464920607986 0.771484375 0.771484375 0.402317047119 0.54219686985 1.1128282547 1.560806036
500.0 0.503571184402 0.95703125 0.95703125 0.495338439941 0.668473243713 1.39572954178 1.98140060902
550.0 0.656892339632 1.05078125 1.05078125 0.535652160645 0.73083782196 1.56596171856 2.2978785038
600.0 1.04717398269 1.31640625 1.31640625 0.655632019043 0.900841236115 2.00379633904 2.99558830261
