110.0 3.69813049403 4.921875 4.921875 2.32635498047 3.26925873756 7.68812656403 11.6117343903
115.0 2.39931495644 3.0078125 3.0078125 1.42753601074 2.0016207695 4.65034246445 7.02126741409
120.0 1.41291232813 1.7265625 1.7265625 0.826187133789 1.1532766819 2.65565299988 3.98334383965
125.0 0.801538174453 1.13671875 1.13671875 0.55281829834 0.767219245434 1.74840509892 2.59582781792
130.0 0.784881210217 0.79296875 0.79296875 0.39183807373 0.54069519043 1.20071291924 1.77290546894
135.0 0.527637322941 0.650390625 0.650390625 0.321384429932 0.442191392183 0.979636192322 1.43580210209
140.0 0.406730800269 0.544921875 0.544921875 0.269268035889 0.371561467648 0.825120449066 1.21182739735
150.0 0.260225907994 0.3544921875 0.3544921875 0.173784255981 0.240843832493 0.536771893501 0.792567372322
160.0 0.20125689137 0.2392578125 0.2392578125 0.117292404175 0.162553012371 0.364191442728 0.538772940636
170.0 0.189771514496 0.2509765625 0.2509765625 0.123037338257 0.170015022159 0.380028605461 0.561128973961
180.0 0.239292314624 0.2841796875 0.2841796875 0.141534805298 0.194469422102 0.425773739815 0.622700095177
190.0 0.265764148536 0.390625 0.390625 0.197601318359 0.269985198975 0.579027831554 0.833489596844
200.0 0.454734220832 0.509765625 0.509765625 0.259860992432 0.354551434517 0.751567363739 1.07909989357
250.0 0.855078864003 0.90234375 0.90234375 0.474082946777 0.636353611946 1.30877995491 1.85255420208
300.0 1.38232668797 1.13671875 1.13671875 0.606101989746 0.807155966759 1.62606775761 2.27676320076
350.0 1.54778925865 1.21484375 1.21484375 0.647758483887 0.862630605698 1.7426674366 2.4363629818
400.0 1.45277404179 1.25 1.25 0.654296875 0.880012512207 1.82299363613 2.58795189857
450.0 1.21561505198 1.32421875 1.32421875 0.680213928223 0.924231410027 1.96290421486 2.84165358543
500.0 1.03901147396 1.38671875 1.38671875 0.701484680176 0.955770730972 2.07765889168 3.03860521317
550.0 1.12400882881 1.5703125 1.5703125 0.782089233398 1.07459402084 2.35272908211 3.45982408524
600.0 1.18968469172 1.7265625 1.7265625 0.859909057617 1.18151879311 2.62812447548 3.90844678879
