110.0 4.13487913592 4.203125 4.203125 1.96200561523 2.76740789413 6.56541585922 9.91605186462
115.0 3.08655166816 2.4765625 2.4765625 1.18991088867 1.65732729435 3.78949642181 5.58710718155
120.0 1.64677954473 1.44140625 1.44140625 0.703811645508 0.977528393269 2.1940677166 3.22873020172
125.0 1.31915639641 0.97265625 0.97265625 0.480628967285 0.663217186928 1.46504151821 2.1355741024
130.0 0.882296425258 0.646484375 0.646484375 0.321979522705 0.442401230335 0.971175611019 1.41023755074
135.0 0.560171799942 0.525390625 0.525390625 0.263721466064 0.360825240612 0.778792381287 1.12104344368
140.0 0.411433785281 0.423828125 0.423828125 0.21439743042 0.292115867138 0.624866366386 0.897182643414
150.0 0.299139849053 0.3037109375 0.3037109375 0.154821395874 0.211236566305 0.445351690054 0.630276322365
160.0 0.25323606758 0.2197265625 0.2197265625 0.112009048462 0.152823895216 0.320448100567 0.452196955681
170.0 0.236297579821 0.2177734375 0.2177734375 0.112289428711 0.152257978916 0.319335788488 0.44925570488
180.0 0.228301641929 0.2568359375 0.2568359375 0.132932662964 0.17988038063 0.372520714998 0.524105012417
190.0 0.272151019039 0.3662109375 0.3662109375 0.192403793335 0.258260399103 0.525321781635 0.725242435932
200.0 0.364254855853 0.470703125 0.470703125 0.249141693115 0.334823668003 0.675213575363 0.932178199291
250.0 0.892565777661 0.81640625 0.81640625 0.43531036377 0.58268725872 1.1581004858 1.58751904964
300.0 1.05625377013 0.83203125 0.83203125 0.433891296387 0.584748983383 1.20016407967 1.67290961742
350.0 1.20087283205 0.83203125 0.83203125 0.427391052246 0.579131126404 1.20679712296 1.70819938183
400.0 1.31212852257 0.92578125 0.92578125 0.468315124512 0.638077974319 1.36491549015 1.94841456413
450.0 1.21363010367 1.05078125 1.05078125 0.527442932129 0.725739121437 1.55758476257 2.22929263115
500.0 1.14780285488 1.12109375 1.12109375 0.56273651123 0.769939422607 1.67074728012 2.41089773178
550.0 1.13772347522 1.30859375 1.30859375 0.651741027832 0.895494937897 1.9606076479 2.85164570808
600.0 1.08431145015 1.42578125 1.42578125 0.69896697998 0.968683242798 2.15891718864 3.1537258625

