110.0 6.57828252801 3.515625 3.515625 1.86080932617 2.48782920837 5.01506233215 6.9881644249
115.0 3.19346449424 1.7265625 1.7265625 0.913864135742 1.2281498909 2.46295285225 3.43196511269
120.0 1.87057195527 1.08203125 1.08203125 0.572715759277 0.76768809557 1.54352474213 2.137155056
125.0 1.3691345222 0.732421875 0.732421875 0.390529632568 0.520074725151 1.04480457306 1.44663012028
130.0 1.09696018285 0.541015625 0.541015625 0.288471221924 0.3861348629 0.767449319363 1.05887317657
135.0 0.872936416159 0.412109375 0.412109375 0.219738006592 0.29413163662 0.587876737118 0.808773040771
140.0 0.660645516694 0.3349609375 0.3349609375 0.178602218628 0.237847507 0.475153654814 0.655583977699
150.0 0.482682911568 0.2216796875 0.2216796875 0.119066238403 0.158748775721 0.316227525473 0.435050904751
160.0 0.2510082517 0.11083984375 0.11083984375 0.0593166351318 0.079040363431 0.158113762736 0.21892337501
170.0 0.219812227422 0.11669921875 0.11669921875 0.0624523162842 0.0832187086344 0.166472196579 0.230496406555
180.0 0.333173186612 0.17236328125 0.17236328125 0.0919046401978 0.123019501567 0.245877355337 0.338266462088
190.0 0.497112100868 0.2978515625 0.2978515625 0.158815383911 0.212583273649 0.422512710094 0.579178571701
200.0 0.728059904815 0.416015625 0.416015625 0.221820831299 0.296919584274 0.590132534504 0.808951079845
250.0 1.28486263261 0.93359375 0.93359375 0.492324829102 0.662971794605 1.3466629982 1.87711453438
300.0 1.09408276833 0.98828125 0.98828125 0.51537322998 0.694561004639 1.42160773277 1.98453199863
350.0 0.711560958427 0.83203125 0.83203125 0.433891296387 0.584748983383 1.20679712296 1.68752300739
400.0 0.663784717315 0.86328125 0.86328125 0.453559875488 0.608805894852 1.24868178368 1.74871313572
450.0 0.566112096785 0.90234375 0.90234375 0.470558166504 0.634164452553 1.30877995491 1.85255420208
500.0 0.622641746359 1.09765625 1.09765625 0.563835144043 0.76610326767 1.60956692696 2.30491566658
550.0 0.799487503308 1.33203125 1.33203125 0.679023742676 0.921350717545 1.9851038456 2.91292405128
600.0 1.14971266718 1.53515625 1.53515625 0.758583068848 1.04069757462 2.36124801636 3.60483169556
