110.0 7.70668827039 7.46875 7.46875 3.83648681641 5.21277427673 10.8923873901 15.5553483963
115.0 5.99037149083 5.921875 5.921875 3.05346679688 4.14032459259 8.63643264771 12.3336343765
120.0 5.25246239552 5.046875 5.046875 2.60229492188 3.5285615921 7.40057086945 10.535610199
125.0 3.74041954192 3.671875 3.671875 1.89331054688 2.56721973419 5.3843164444 7.66522741318
130.0 3.24815058251 3.171875 3.171875 1.62930297852 2.21379327774 4.62584638596 6.60614156723
135.0 2.39497893083 2.3515625 2.3515625 1.20793151855 1.64126038551 3.44825363159 4.90900754929
140.0 2.40975130523 2.3359375 2.3359375 1.19990539551 1.62591743469 3.42534160614 4.90512275696
150.0 1.87393883805 1.8203125 1.8203125 0.935043334961 1.27047729492 2.65473461151 3.7687048912
160.0 1.661788776 1.6328125 1.6328125 0.838729858398 1.13961267471 2.39430236816 3.40857982635
170.0 1.60613715735 1.5703125 1.5703125 0.812759399414 1.09980106354 2.30265450478 3.27810788155
180.0 2.05622263632 2.0234375 2.0234375 1.03938293457 1.41224741936 2.96710205078 4.22402954102
190.0 3.14827990903 3.0859375 3.0859375 1.5731048584 2.1463265419 4.52511692047 6.48001194
200.0 3.82537588799 3.734375 3.734375 1.9182434082 2.60638713837 5.5057349205 7.85942745209
