110.0 1.86803776621 2.8515625 2.8515625 1.46476745605 1.99023270607 4.18143701553 5.9177069664
115.0 0.982095055579 1.47265625 1.47265625 0.750709533691 1.02425968647 2.15945458412 3.07424545288
120.0 0.556755662391 0.91796875 0.91796875 0.467948913574 0.638464212418 1.35339725018 1.92073774338
125.0 0.393896560709 0.595703125 0.595703125 0.301342010498 0.412877261639 0.873519420624 1.24356079102
130.0 0.324150389026 0.416015625 0.416015625 0.21125793457 0.28884190321 0.610031604767 0.86333668232
135.0 0.306899481183 0.3173828125 0.3173828125 0.160551071167 0.219975590706 0.462869495153 0.657097160816
140.0 0.295271773595 0.2529296875 0.2529296875 0.127946853638 0.175303637981 0.368871361017 0.520528912544
150.0 0.250082873387 0.16162109375 0.16162109375 0.0830202102661 0.112802579999 0.235707387328 0.330617874861
160.0 0.171766555168 0.09033203125 0.09033203125 0.0469303131104 0.0628668814898 0.130299508572 0.181624576449
170.0 0.185753713554 0.09912109375 0.09912109375 0.0522708892822 0.07020573318 0.142977297306 0.198058381677
180.0 0.270466416216 0.13916015625 0.13916015625 0.0733852386475 0.0988216325641 0.198512881994 0.274859726429
190.0 0.409445050819 0.2197265625 0.2197265625 0.117158889771 0.156823724508 0.31344139576 0.431217849255
200.0 0.444891831454 0.2880859375 0.2880859375 0.153608322144 0.205613344908 0.408659845591 0.563840448856
250.0 0.741510012136 0.517578125 0.517578125 0.277996063232 0.370646953583 0.730076253414 0.997060894966
300.0 0.477581680489 0.521484375 0.521484375 0.276020050049 0.370945692062 0.743900895119 1.03000068665
350.0 0.328762015246 0.435546875 0.435546875 0.230533599854 0.30981606245 0.624782681465 0.868021011353
400.0 0.290126186075 0.462890625 0.462890625 0.245006561279 0.329266428947 0.66031652689 0.914270281792
450.0 0.317460237577 0.560546875 0.560546875 0.296695709229 0.398731887341 0.808561265469 1.12705409527
500.0 0.352360739137 0.72265625 0.72265625 0.376853942871 0.507880568504 1.04815709591 1.4836473465
550.0 0.598435436786 0.90234375 0.90234375 0.46703338623 0.63197517395 1.3339574337 1.92326748371
600.0 0.859541728056 1.04296875 1.04296875 0.51944732666 0.711677849293 1.58342015743 2.38367128372
