110.0 5.24689160248 1.9453125 1.9453125 1.0220489502 1.37187933922 2.82152557373 3.9213051796
115.0 2.76328317009 0.98828125 0.98828125 0.51537322998 0.694561004639 1.42554700375 1.98707103729
120.0 1.67691744515 0.603515625 0.603515625 0.312366485596 0.422684729099 0.870541572571 1.21344852448
125.0 1.14769131097 0.392578125 0.392578125 0.201656341553 0.273997783661 0.56627458334 0.789330542088
130.0 0.847548360546 0.2763671875 0.2763671875 0.141962051392 0.19393903017 0.398646056652 0.555673003197
135.0 0.686114053474 0.2138671875 0.2138671875 0.109857559204 0.149267464876 0.308492898941 0.427337795496
140.0 0.558610485373 0.17333984375 0.17333984375 0.0890398025513 0.121640205383 0.250034183264 0.34852284193
150.0 0.360808612238 0.12158203125 0.12158203125 0.0622158050537 0.0849419385195 0.175376087427 0.24293859303
160.0 0.213664617264 0.07275390625 0.07275390625 0.0372295379639 0.0508287101984 0.104943923652 0.145372897387
170.0 0.208412146441 0.08251953125 0.08251953125 0.0425491333008 0.0578503012657 0.118372507393 0.164456889033
180.0 0.261428129577 0.12060546875 0.12060546875 0.0626583099365 0.0848412066698 0.172044500709 0.238211780787
190.0 0.359704952163 0.19287109375 0.19287109375 0.10133266449 0.136732295156 0.276669472456 0.381960988045
200.0 0.400724280841 0.2607421875 0.2607421875 0.136991500854 0.183881402016 0.371950447559 0.515000343323
250.0 0.436983768291 0.455078125 0.455078125 0.240871429443 0.323709189892 0.656427800655 0.909312367439
300.0 0.454742871588 0.498046875 0.498046875 0.262641906738 0.351838320494 0.714437603951 0.99258005619
350.0 0.300554412314 0.412109375 0.412109375 0.2165184021 0.290629029274 0.591162085533 0.826483249664
400.0 0.271341449404 0.439453125 0.439453125 0.231742858887 0.31206831336 0.63038611412 0.875805914402
450.0 0.295203095093 0.537109375 0.537109375 0.281143188477 0.378130376339 0.770471930504 1.07717013359
500.0 0.330000380767 0.697265625 0.697265625 0.360889434814 0.488344490528 1.01410937309 1.44188737869
550.0 0.62169460446 0.89453125 0.89453125 0.456001281738 0.618736982346 1.32597362995 1.93047499657
600.0 0.809606601637 1.10546875 1.10546875 0.546257019043 0.751592576504 1.70033895969 2.58286738396
